A1 =[[-1,-1,+1,+1,-1,-1,-1], [-1,-1,-1,+1,-1,-1,-1],[-1,-1,-1,+1,-1,-1,-1],[-1,-1,+1,-1,+1,-1,-1],[-1,-1,+1,-1,+1,-1,-1],[-1,+1,+1,+1,+1,+1,-1],[-1,+1,-1,-1,-1,+1,-1],[-1,+1,-1,-1,-1,+1,-1],[+1,+1,+1,-1,+1,+1,+1]]
x1 = [-1,-1,+1,+1,-1,-1,-1,-1,-1,-1,+1,-1,-1,-1,-1,-1,-1,+1,-1,-1,-1,-1,-1,+1,-1,+1,-1,-1,-1,-1,+1,-1,+1,-1,-1,-1,+1,+1,+1,+1,+1,-1,-1,+1,-1,-1,-1,+1,-1,-1,+1,-1,-1,-1,+1,-1,+1,+1,+1,-1,+1,+1,+1]

A2 =[[-1,-1,-1,+1,-1,-1,-1],[-1,-1,-1,+1,-1,-1,-1],[-1,-1,-1,+1,-1,-1,-1],[-1,-1,+1,-1,+1,-1,-1],[-1,-1,+1,-1,+1,-1,-1],[-1,+1,-1,-1,-1,+1,-1],[-1,+1,+1,+1,+1,+1,-1],[-1,+1,-1,-1,-1,+1,-1],[-1,+1,-1,-1,-1,+1,-1]]
x2 = [-1,-1,-1,+1,-1,-1,-1,-1,-1,-1,+1,-1,-1,-1,-1,-1,-1,+1,-1,-1,-1,-1,-1,+1,-1,+1,-1,-1,-1,-1,+1,-1,+1,-1,-1,-1,+1,-1,-1,-1,+1,-1,-1,+1,+1,+1,+1,+1,-1,-1,+1,-1,-1,-1,+1,-1,-1,+1,-1,-1,-1,+1,-1]
             
A3 =[[-1,-1,-1,+1,-1,-1,-1],[-1,-1,-1,+1,-1,-1,-1],[-1,-1,+1,-1,+1,-1,-1],[-1,-1,+1,-1,+1,-1,-1],[-1,+1,-1,-1,-1,+1,-1],[-1,+1,+1,+1,+1,+1,-1],[+1,-1,-1,-1,-1,-1,+1],[+1,-1,-1,-1,-1,-1,+1],[+1,+1,-1,-1,-1,+1,+1]]
x_test1 = [-1,-1,-1,+1,-1,-1,-1,-1,-1,-1,+1,-1,-1,-1,-1,-1,+1,-1,+1,-1,-1,-1,-1,+1,-1,+1,-1,-1,-1,+1,-1,-1,-1,+1,-1,-1,+1,+1,+1,+1,+1,-1,+1,-1,-1,-1,-1,-1,+1,+1,-1,-1,-1,-1,-1,+1,+1,+1,-1,-1,-1,+1,+1]
                  
B1 =[[+1,+1,+1,+1,+1,+1,-1],[-1,+1,-1,-1,-1,-1,+1],[-1,+1,-1,-1,-1,-1,+1],[-1,+1,-1,-1,-1,-1,+1],[-1,+1,+1,+1,+1,+1,-1],[-1,+1,-1,-1,-1,-1,+1],[-1,+1,-1,-1,-1,-1,+1],[-1,+1,-1,-1,-1,-1,+1],[+1,+1,+1,+1,+1,+1,-1]]
x3 = [+1,+1,+1,+1,+1,+1,-1,-1,+1,-1,-1,-1,-1,+1,-1,+1,-1,-1,-1,-1,+1,-1,+1,-1,-1,-1,-1,+1,-1,+1,+1,+1,+1,+1,-1,-1,+1,-1,-1,-1,-1,+1,-1,+1,-1,-1,-1,-1,+1,-1,+1,-1,-1,-1,-1,+1,+1,+1,+1,+1,+1,+1,-1]
             
char_Bmore =[[+1,+1,+1,+1,+1,+1,-1],[-1,+1,-1,-1,-1,-1,+1],[-1,+1,-1,-1,-1,-1,+1],[-1,+1,+1,+1,+1,+1,+1],[-1,+1,-1,-1,-1,-1,+1],[-1,+1,-1,-1,-1,-1,+1],[-1,+1,-1,-1,-1,-1,+1],[-1,+1,-1,-1,-1,-1,+1],[+1,+1,+1,+1,+1,+1,-1]]
x4 = [+1,+1,+1,+1,+1,+1,-1,-1,+1,-1,-1,-1,-1,+1,-1,+1,-1,-1,-1,-1,+1,-1,+1,+1,+1,+1,+1,+1,-1,+1,-1,-1,-1,-1,+1,-1,+1,-1,-1,-1,-1,+1,-1,+1,-1,-1,-1,-1,+1,-1,+1,-1,-1,-1,-1,+1,+1,+1,+1,+1,+1,+1,-1]
             
B2 =[[+1,+1,+1,+1,+1,+1,-1],[+1,-1,-1,-1,-1,-1,+1],[+1,-1,-1,-1,-1,-1,+1],[+1,-1,-1,-1,-1,-1,+1],[+1,+1,+1,+1,+1,+1,-1],[+1,-1,-1,-1,-1,-1,+1],[+1,-1,-1,-1,-1,-1,+1],[+1,-1,-1,-1,-1,-1,+1],[+1,+1,+1,+1,+1,+1,-1]]
x_test2 = [+1,+1,+1,+1,+1,+1,-1,+1,-1,-1,-1,-1,-1,+1,+1,-1,-1,-1,-1,-1,+1,+1,-1,-1,-1,-1,-1,+1,+1,+1,+1,+1,+1,+1,-1,+1,-1,-1,-1,-1,-1,+1,+1,-1,-1,-1,-1,-1,+1,+1,-1,-1,-1,-1,-1,+1,+1,+1,+1,+1,+1,+1,-1]
                  
B3 =[[+1,+1,+1,+1,+1,+1,-1],[-1,+1,-1,-1,-1,-1,+1],[-1,+1,-1,-1,-1,-1,+1],[-1,+1,+1,+1,+1,+1,-1],[-1,+1,-1,-1,-1,-1,+1],[-1,+1,-1,-1,-1,-1,+1],[-1,+1,-1,-1,-1,-1,+1],[-1,+1,-1,-1,-1,-1,+1],[+1,+1,+1,+1,+1,+1,-1]]
x_Plustest2 = [+1,+1,+1,+1,+1,+1,-1,-1,+1,-1,-1,-1,-1,+1,-1,+1,-1,-1,-1,-1,+1,-1,+1,+1,+1,+1,+1,-1,-1,+1,-1,-1,-1,-1,+1,-1,+1,-1,-1,-1,-1,+1,-1,+1,-1,-1,-1,-1,+1,-1,+1,-1,-1,-1,-1,+1,+1,+1,+1,+1,+1,+1,-1]
                      
C1 =[[-1,-1,+1,+1,+1,+1,+1],[-1,+1,-1,-1,-1,-1,+1],[+1,-1,-1,-1,-1,-1,-1],[+1,-1,-1,-1,-1,-1,-1],[+1,-1,-1,-1,-1,-1,-1],[+1,-1,-1,-1,-1,-1,-1],[+1,-1,-1,-1,-1,-1,-1],[-1,+1,-1,-1,-1,-1,+1],[-1,-1,+1,+1,+1,+1,-1]]
x5 = [-1,-1,+1,+1,+1,+1,+1,-1,+1,-1,-1,-1,-1,+1,+1,-1,-1,-1,-1,-1,-1,+1,-1,-1,-1,-1,-1,-1,+1,-1,-1,-1,-1,-1,-1,+1,-1,-1,-1,-1,-1,-1,+1,-1,-1,-1,-1,-1,-1,-1,+1,-1,-1,-1,-1,+1,-1,-1,+1,+1,+1,+1,-1]
             
C2 =[[-1,-1,+1,+1,+1,-1,-1],[-1,+1,-1,-1,-1,+1,-1],[+1,-1,-1,-1,-1,-1,+1],[+1,-1,-1,-1,-1,-1,-1],[+1,-1,-1,-1,-1,-1,-1],[+1,-1,-1,-1,-1,-1,-1],[+1,-1,-1,-1,-1,-1,+1],[-1,+1,-1,-1,-1,+1,-1],[-1,-1,+1,+1,+1,-1,-1]]
x6 = [-1,-1,+1,+1,+1,-1,-1,-1,+1,-1,-1,-1,+1,-1,+1,-1,-1,-1,-1,-1,+1,+1,-1,-1,-1,-1,-1,-1,+1,-1,-1,-1,-1,-1,-1,+1,-1,-1,-1,-1,-1,-1,+1,-1,-1,-1,-1,-1,+1,-1,+1,-1,-1,-1,+1,-1,-1,-1,+1,+1,+1,-1,-1]
             
C3 =[[-1,-1,+1,+1,+1,-1,+1],[-1,+1,-1,-1,-1,+1,+1],[+1,-1,-1,-1,-1,-1,+1],[+1,-1,-1,-1,-1,-1,-1],[+1,-1,-1,-1,-1,-1,-1],[+1,-1,-1,-1,-1,-1,-1],[+1,-1,-1,-1,-1,-1,+1],[-1,+1,-1,-1,-1,+1,-1],[-1,-1,+1,+1,+1,-1,-1]]
x_test3 = [-1,-1,+1,+1,+1,-1,+1,-1,+1,-1,-1,-1,+1,+1,+1,-1,-1,-1,-1,-1,+1,+1,-1,-1,-1,-1,-1,-1,+1,-1,-1,-1,-1,-1,-1,+1,-1,-1,-1,-1,-1,-1,+1,-1,-1,-1,-1,-1,+1,-1,+1,-1,-1,-1,+1,-1,-1,-1,+1,+1,+1,-1,-1]
                  
D1 =[[+1,+1,+1,+1,+1,-1,-1],[-1,+1,-1,-1,-1,+1,-1],[-1,+1,-1,-1,-1,-1,+1],[-1,+1,-1,-1,-1,-1,+1],[-1,+1,-1,-1,-1,-1,+1],[-1,+1,-1,-1,-1,-1,+1],[-1,+1,-1,-1,-1,-1,+1],[-1,+1,-1,-1,-1,+1,-1],[+1,+1,+1,+1,+1,-1,-1]]
x7 = [+1,+1,+1,+1,+1,-1,-1,-1,+1,-1,-1,-1,+1,-1,-1,+1,-1,-1,-1,-1,+1,-1,+1,-1,-1,-1,-1,+1,-1,+1,-1,-1,-1,-1,+1,-1,+1,-1,-1,-1,-1,+1,-1,+1,-1,-1,-1,-1,+1,-1,+1,-1,-1,-1,+1,-1,+1,+1,+1,+1,+1,-1,-1]
             
D2 =[[+1,+1,+1,+1,+1,-1,-1],[+1,-1,-1,-1,-1,+1,-1],[+1,-1,-1,-1,-1,-1,+1],[+1,-1,-1,-1,-1,-1,+1],[+1,-1,-1,-1,-1,-1,+1],[+1,-1,-1,-1,-1,-1,+1],[+1,-1,-1,-1,-1,-1,+1],[+1,-1,-1,-1,-1,+1,-1],[+1,+1,+1,+1,+1,-1,-1]]
x8 = [+1,+1,+1,+1,+1,-1,-1,+1,-1,-1,-1,-1,+1,-1,+1,-1,-1,-1,-1,-1,+1,+1,-1,-1,-1,-1,-1,+1,+1,-1,-1,-1,-1,-1,+1,+1,-1,-1,-1,-1,-1,+1,+1,-1,-1,-1,-1,-1,+1,+1,-1,-1,-1,-1,+1,-1,+1,+1,+1,+1,+1,-1,-1]
             
D3 =[[+1,+1,+1,+1,+1,-1,-1],[-1,+1,-1,-1,-1,+1,-1],[-1,+1,-1,-1,-1,-1,+1],[-1,+1,-1,-1,-1,-1,+1],[-1,+1,-1,-1,-1,-1,+1],[-1,+1,-1,-1,-1,-1,+1],[-1,+1,-1,-1,-1,-1,+1],[-1,+1,-1,-1,-1,+1,-1],[+1,+1,+1,+1,+1,-1,-1]]
x_test4 = [+1,+1,+1,+1,+1,-1,-1,-1,+1,-1,-1,-1,+1,-1,-1,+1,-1,-1,-1,-1,+1,-1,+1,-1,-1,-1,-1,+1,-1,+1,-1,-1,-1,-1,+1,-1,+1,-1,-1,-1,-1,+1,-1,+1,-1,-1,-1,-1,+1,-1,+1,-1,-1,-1,+1,-1,+1,+1,+1,+1,+1,-1,-1]
                  
E1 =[[+1,+1,+1,+1,+1,+1,+1],[-1,+1,-1,-1,-1,-1,+1],[-1,+1,-1,-1,-1,-1,-1],[-1,+1,-1,+1,-1,-1,-1],[-1,+1,+1,+1,-1,-1,-1],[-1,+1,-1,+1,-1,-1,-1],[-1,+1,-1,-1,-1,-1,-1],[-1,+1,-1,-1,-1,-1,+1],[+1,+1,+1,+1,+1,+1,+1]]
x9 = [+1,+1,+1,+1,+1,+1,+1,-1,+1,-1,-1,-1,-1,+1,-1,+1,-1,-1,-1,-1,-1,-1,+1,-1,+1,-1,-1,-1,-1,+1,+1,+1,-1,-1,-1,-1,+1,-1,+1,-1,-1,-1,-1,+1,-1,-1,-1,-1,-1,-1,+1,-1,-1,-1,-1,+1,+1,+1,+1,+1,+1,+1,+1]
             
E2 =[[+1,+1,+1,+1,+1,+1,+1],[+1,-1,-1,-1,-1,-1,-1],[+1,-1,-1,-1,-1,-1,-1],[+1,-1,-1,-1,-1,-1,-1],[+1,+1,+1,+1,+1,-1,-1],[+1,-1,-1,-1,-1,-1,-1],[+1,-1,-1,-1,-1,-1,-1],[+1,-1,-1,-1,-1,-1,-1],[+1,+1,+1,+1,+1,+1,+1]]
x10 = [+1,+1,+1,+1,+1,+1,+1,+1,-1,-1,-1,-1,-1,-1,+1,-1,-1,-1,-1,-1,-1,+1,-1,-1,-1,-1,-1,-1,+1,+1,+1,+1,+1,-1,-1,+1,-1,-1,-1,-1,-1,-1,+1,-1,-1,-1,-1,-1,-1,+1,-1,-1,-1,-1,-1,-1,+1,+1,+1,+1,+1,+1,+1]
              
E3 =[[+1,+1,+1,+1,+1,+1,+1],[-1,+1,-1,-1,-1,-1,+1],[-1,+1,-1,-1,+1,-1,-1],[-1,+1,+1,+1,+1,-1,-1],[-1,+1,-1,-1,+1,-1,-1],[-1,+1,-1,-1,-1,-1,-1],[-1,+1,-1,-1,-1,-1,-1],[-1,+1,-1,-1,-1,-1,+1],[+1,+1,+1,+1,+1,+1,+1]]
x_test5 = [+1,+1,+1,+1,+1,+1,+1,-1,+1,-1,-1,-1,-1,+1,-1,+1,-1,-1,+1,-1,-1,-1,+1,+1,+1,+1,-1,-1,-1,+1,-1,-1,+1,-1,-1,-1,+1,-1,-1,-1,-1,-1,-1,+1,-1,-1,-1,-1,-1,-1,+1,-1,-1,-1,-1,+1,+1,+1,+1,+1,+1,+1,+1]
                  
J1 =[[-1,-1,-1,+1,+1,+1,+1],[-1,-1,-1,-1,-1,+1,-1],[-1,-1,-1,-1,-1,+1,-1],[-1,-1,-1,-1,-1,+1,-1],[-1,-1,-1,-1,-1,+1,-1],[-1,-1,-1,-1,-1,+1,-1],[-1,+1,-1,-1,-1,+1,-1],[-1,+1,-1,-1,-1,+1,-1],[-1,-1,+1,+1,+1,-1,-1]]
x11 = [-1,-1,-1,+1,+1,+1,+1,-1,-1,-1,-1,-1,+1,-1,-1,-1,-1,-1,-1,+1,-1,-1,-1,-1,-1,-1,+1,-1,-1,-1,-1,-1,-1,+1,-1,-1,-1,-1,-1,-1,+1,-1,-1,+1,-1,-1,-1,+1,-1,-1,+1,-1,-1,-1,+1,-1,-1,-1,+1,+1,+1,-1,-1]
              
J2 =[[-1,-1,-1,-1,-1,+1,-1],[-1,-1,-1,-1,-1,+1,-1],[-1,-1,-1,-1,-1,+1,-1],[-1,-1,-1,-1,-1,+1,-1],[-1,-1,-1,-1,-1,+1,-1],[-1,-1,-1,-1,-1,+1,-1],[-1,+1,-1,-1,-1,+1,-1],[-1,+1,-1,-1,-1,+1,-1],[-1,-1,+1,+1,+1,-1,-1]]
x12 = [-1,-1,-1,-1,-1,+1,-1,-1,-1,-1,-1,-1,+1,-1,-1,-1,-1,-1,-1,+1,-1,-1,-1,-1,-1,-1,+1,-1,-1,-1,-1,-1,-1,+1,-1,-1,-1,-1,-1,-1,+1,-1,-1,+1,-1,-1,-1,+1,-1,-1,+1,-1,-1,-1,+1,-1,-1,-1,+1,+1,+1,-1,-1]
              
J3 =[[-1,-1,-1,-1,+1,+1,+1],[-1,-1,-1,-1,-1,+1,-1],[-1,-1,-1,-1,-1,+1,-1],[-1,-1,-1,-1,-1,+1,-1],[-1,-1,-1,-1,-1,+1,-1],[-1,-1,-1,-1,-1,+1,-1],[-1,-1,-1,-1,-1,+1,-1],[-1,+1,-1,-1,-1,+1,-1],[-1,-1,+1,+1,+1,-1,-1]]
x_test6 =[-1,-1,-1,-1,+1,+1,+1,-1,-1,-1,-1,-1,+1,-1,-1,-1,-1,-1,-1,+1,-1,-1,-1,-1,-1,-1,+1,-1,-1,-1,-1,-1,-1,+1,-1,-1,-1,-1,-1,-1,+1,-1,-1,-1,-1,-1,-1,+1,-1,-1,+1,-1,-1,-1,+1,-1,-1,-1,+1,+1,+1,-1,-1]
                 
K1 =[[+1,+1,+1,-1,-1,+1,+1],[-1,+1,-1,-1,+1,-1,-1],[-1,+1,-1,+1,-1,-1,-1],[-1,+1,+1,-1,-1,-1,-1],[-1,+1,+1,-1,-1,-1,-1],[-1,+1,-1,+1,-1,-1,-1],[-1,+1,-1,-1,+1,-1,-1],[-1,+1,-1,-1,-1,+1,-1],[+1,+1,+1,-1,-1,+1,+1]]
x13 = [+1,+1,+1,-1,-1,+1,+1,-1,+1,-1,-1,+1,-1,-1,-1,+1,-1,+1,-1,-1,-1,-1,+1,+1,-1,-1,-1,-1,-1,+1,+1,-1,-1,-1,-1,-1,+1,-1,+1,-1,-1,-1,-1,+1,-1,-1,+1,-1,-1,-1,+1,-1,-1,-1,+1,-1,+1,+1,+1,-1,-1,+1,+1]
              
K2 =[[+1,-1,-1,-1,-1,+1,-1],[+1,-1,-1,-1,+1,-1,-1],[+1,-1,-1,+1,-1,-1,-1],[+1,-1,+1,-1,-1,-1,-1],[+1,+1,-1,-1,-1,-1,-1],[+1,-1,+1,-1,-1,-1,-1],[+1,-1,-1,+1,-1,-1,-1],[+1,-1,-1,-1,+1,-1,-1],[+1,-1,-1,-1,-1,+1,-1]]
x14 = [+1,-1,-1,-1,-1,+1,-1,+1,-1,-1,-1,+1,-1,-1,+1,-1,-1,+1,-1,-1,-1,+1,-1,+1,-1,-1,-1,-1,+1,+1,-1,-1,-1,-1,-1,+1,-1,+1,-1,-1,-1,-1,+1,-1,-1,+1,-1,-1,-1,+1,-1,-1,-1,+1,-1,-1,+1,-1,-1,-1,-1,+1,-1]
              
K3 =[[+1,+1,+1,-1,-1,+1,+1],[-1,+1,-1,-1,-1,+1,-1],[-1,+1,-1,-1,+1,-1,-1],[-1,+1,-1,+1,-1,-1,-1],[-1,+1,+1,-1,-1,-1,-1],[-1,+1,-1,+1,-1,-1,-1],[-1,+1,-1,-1,+1,-1,-1],[-1,+1,-1,-1,-1,+1,-1],[+1,+1,+1,-1,-1,+1,+1]]
x_test7 = [+1,+1,+1,-1,-1,+1,+1,-1,+1,-1,-1,-1,+1,-1,-1,+1,-1,-1,+1,-1,-1,-1,+1,-1,+1,-1,-1,-1,-1,+1,+1,-1,-1,-1,-1,-1,+1,-1,+1,-1,-1,-1,-1,+1,-1,-1,+1,-1,-1,-1,+1,-1,-1,-1,+1,-1,+1,+1,+1,-1,-1,+1,+1]