epoch 1: 
43.4453 35.9439 39.4475 40.7317 30.9574 31.3261 44.3692 40.5991 33.8362 47.1873 
------------------------------------

epoch 2: 
40.0193 26.8267 30.7944 33.2648 24.8361 24.7066 35.8197 32.4345 27.8103 39.864 
------------------------------------

epoch 3: 
37.2821 22.8945 26.6847 29.5406 22.8954 22.2936 31.278 28.3777 25.3628 35.9569 
------------------------------------

epoch 4: 
33.8166 20.4419 23.2176 27.3507 20.7306 20.132 27.1958 25.5763 23.2104 31.922 
------------------------------------

epoch 5: 
31.552 18.8548 20.7528 25.648 18.9206 18.5329 24.1076 23.4075 21.2774 28.6375 
------------------------------------

epoch 6: 
28.2943 17.7894 18.9606 24.0093 17.4241 17.3309 21.5709 21.4654 19.3329 25.5484 
------------------------------------

epoch 7: 
26.536 16.9997 17.5529 22.3205 16.054 16.2873 19.7602 19.6298 17.7597 23.1389 
------------------------------------

epoch 8: 
23.6608 16.3877 16.4704 20.4868 14.9597 15.4219 18.1294 17.8759 16.2443 20.9621 
------------------------------------

epoch 9: 
22.2428 15.6352 15.4006 18.6936 13.8661 14.4814 16.8514 16.4186 15.2497 19.4517 
------------------------------------

epoch 10: 
20.0635 14.9176 14.3496 17.0485 12.9727 13.6255 15.4448 15.081 14.2058 18.0188 
------------------------------------

epoch 11: 
18.9392 14.214 13.3138 15.7447 12.1778 12.781 14.2616 14.0648 13.4872 16.8921 
------------------------------------

epoch 12: 
17.5486 13.5197 12.5006 14.6078 11.4508 11.9678 13.2494 13.1116 12.7356 15.7423 
------------------------------------

epoch 13: 
16.6453 12.8162 11.8076 13.6736 10.8053 11.2136 12.4601 12.3298 12.1262 14.7684 
------------------------------------

epoch 14: 
15.7499 12.1612 11.2213 12.8552 10.2404 10.5403 11.7714 11.6334 11.5522 13.905 
------------------------------------

epoch 15: 
15.0146 11.5556 10.7062 12.155 9.74288 9.95623 11.19 11.0368 11.0493 13.1757 
------------------------------------

epoch 16: 
14.3468 11.0054 10.2506 11.5412 9.29581 9.44541 10.6811 10.5101 10.5957 12.5429 
------------------------------------

epoch 17: 
13.7555 10.5068 9.84183 11.0016 8.89252 8.99741 10.2338 10.0457 10.1891 11.9904 
------------------------------------

epoch 18: 
13.2235 10.0545 9.47273 10.5222 8.52654 8.60044 9.83508 9.63191 9.82209 11.5018 
------------------------------------

-0.734833 -0.716875 0.930334 0.847633 -0.697079 -0.769557 -0.829738 -0.789851 -0.766776 -0.781075 0.697867 -0.742461 -0.797666 -0.856637 -0.755255 -0.769508 -0.930674 0.739302 -0.781117 -0.763441 -0.822729 -0.818972 -0.816531 0.674847 -0.923293 0.751785 -0.922948 -0.808084 -0.836412 -0.798341 0.67158 -0.722623 0.708143 -0.80935 -0.88954 -0.747813 0.81856 0.70536 0.7897 0.767906 0.772039 -0.850173 -0.834493 0.753042 -0.802119 -0.781944 -0.801869 0.759868 -0.830871 0.68737 0.824653 0.75021 -0.682393 0.736718 0.751516 0.729179 -0.783875 -0.898544 -0.96135 -0.82608 -0.841366 -0.769795 -0.844854 
0.965764 0.888127 0.959711 0.655403 0.747762 -0.172104 -0.720472 -0.93447 0.981926 -0.956619 -0.977651 -0.735517 0.867381 -0.955062 -0.864031 0.907704 -0.941768 -0.793465 -0.932431 0.704623 -0.974374 -0.801869 0.929689 0.548933 0.455224 0.324351 -0.437989 -0.974872 -0.835691 0.947247 -0.969247 -0.762933 -0.855701 0.802248 -0.887621 -0.809878 0.926696 -0.974745 -0.981722 -0.931884 0.818563 -0.943482 -0.914308 0.970626 -0.989817 -0.979225 -0.803045 0.869569 -0.970017 0.869577 0.853615 0.978956 0.711252 0.548139 -0.47945 -0.703899 -0.982052 -0.968772 -0.9309 -0.944386 -0.98796 -0.974877 -0.958076 
-0.76189 -0.815861 0.949862 0.982144 0.93814 0.740267 -0.940025 -0.904163 0.9023 -0.966367 -0.879144 -0.949711 0.84369 -0.964077 0.755935 -0.877761 -0.945529 -0.792321 -0.964171 -0.8949 -0.934394 0.638043 -0.811581 -0.798931 -0.727274 -0.88122 -0.987258 -0.963722 0.870932 -0.769841 -0.947794 -0.66864 -0.410768 -0.50237 -0.46481 0.757653 -0.798408 -0.89099 -0.816327 -0.810478 -0.536068 -0.924202 -0.872933 0.922857 -0.951026 -0.90524 -0.905809 0.925597 -0.934638 -0.845918 -0.710342 0.894932 0.875405 0.832364 -0.853645 -0.94584 -0.923723 -0.905392 -0.968836 -0.977911 -0.834837 -0.868721 -0.991341 
0.919481 0.838542 0.967286 0.769819 -0.611596 -0.90011 -0.753565 -0.988413 0.788445 -0.907149 -0.98786 0.662852 -0.554216 -0.935864 -0.864831 0.975238 -0.819294 -0.788477 -0.769823 0.707935 -0.992593 -0.963421 0.929946 -0.541789 -0.580462 -0.532808 0.608815 -0.84739 -0.882678 0.979371 -0.877615 -0.74438 -0.855908 0.637388 -0.930673 -0.793072 0.866839 -0.885268 -0.884716 -0.692374 0.681314 -0.936455 -0.799368 0.791525 -0.957046 -0.961257 0.68293 -0.793633 -0.961317 0.935771 0.888569 0.844698 0.896763 -0.925236 -0.872509 -0.837206 -0.805653 -0.858931 -0.88446 -0.866172 -0.938482 -0.932823 -0.88743 
0.703217 0.857367 0.975485 0.896091 0.960417 0.868759 -0.843058 -0.988015 0.870626 -0.994241 -0.688356 -0.948573 0.846964 -0.97096 -0.932727 0.749287 -0.973559 0.697533 -0.9886 -0.811832 -0.977062 -0.775133 0.740877 0.760044 0.899608 -0.694702 -0.871469 -0.988509 -0.931183 0.733575 -0.92741 0.633846 -0.892935 -0.66981 -0.956613 -0.965488 0.807924 -0.92463 -0.903892 -0.976072 -0.643281 -0.980533 -0.972046 0.857991 -0.986364 -0.779067 -0.969948 0.471932 -0.988935 0.77701 0.83825 0.995972 0.837955 0.617713 0.411795 -0.853005 -0.995192 -0.976949 -0.988427 -0.98822 -0.990135 -0.98544 -0.970852 
0.730426 0.912474 0.956391 0.866607 0.855753 0.694824 -0.865544 -0.9945 0.805649 -0.996636 -0.906839 -0.874663 0.539488 -0.977057 -0.965541 0.833712 -0.949795 0.656006 -0.979522 -0.727972 -0.985711 -0.902484 0.789959 0.702134 0.812507 -0.907105 -0.615742 -0.981639 -0.935994 0.811954 -0.897407 0.764147 -0.906924 -0.764591 -0.970731 -0.953115 0.751447 -0.868331 -0.875757 -0.950866 -0.816465 -0.973721 -0.984336 0.82835 -0.979269 -0.799185 -0.891314 -0.653897 -0.990343 0.823743 0.827993 0.991552 0.969567 -0.416715 -0.502517 -0.929425 -0.989252 -0.925092 -0.978761 -0.968254 -0.982241 -0.99153 -0.948087 
-0.797519 -0.839357 0.91623 0.925307 0.901342 0.836683 -0.844939 -0.808058 0.922749 -0.917836 -0.904833 -0.922534 0.952257 -0.983416 0.880748 -0.833745 -0.949771 -0.900771 -0.907865 -0.820989 -0.916565 0.702541 -0.784825 -0.712501 -0.712701 -0.663478 -0.991478 -0.957853 0.751682 -0.925373 -0.923437 -0.876727 0.50393 0.506198 0.581944 0.944913 -0.831786 -0.925319 -0.854832 -0.809913 0.561577 -0.939768 -0.739242 0.821667 -0.944885 -0.958736 -0.804796 0.963132 -0.744764 -0.803853 -0.782892 0.859697 0.873509 0.902761 -0.824186 -0.797903 -0.806251 -0.813301 -0.946467 -0.898009 -0.911651 -0.850118 -0.970811 
0.962854 0.872795 0.81119 -0.628907 0.701181 0.518013 0.617489 -0.847496 0.960207 -0.828758 -0.873889 -0.773433 0.902314 -0.781871 -0.881757 0.912893 -0.938113 -0.652884 -0.913866 0.892383 -0.89882 -0.763885 0.955805 0.918423 0.940592 0.836185 0.573268 -0.785971 -0.84753 0.946076 -0.790514 -0.761453 -0.839111 0.831882 -0.833671 -0.976263 0.966028 -0.838631 -0.981913 -0.958834 0.761631 -0.932079 -0.901701 0.964072 -0.943388 -0.841906 -0.724075 0.940217 -0.928648 0.975639 0.929829 0.88454 -0.770123 0.740781 0.601222 0.732449 -0.918186 -0.876423 -0.872011 -0.843794 -0.988711 -0.958231 -0.821293 
-0.758544 0.699287 0.873281 0.888632 0.88554 0.961787 -0.979361 -0.85065 -0.855704 -0.931705 0.682646 -0.902088 -0.661908 -0.975152 -0.858919 -0.833759 -0.91544 0.890788 -0.78685 -0.997883 -0.818023 -0.803715 -0.827526 -0.748161 0.818178 -0.704903 -0.985373 -0.939929 -0.871703 -0.789319 -0.773711 0.845668 -0.791425 -0.980173 -0.940631 -0.731304 -0.784353 -0.789931 0.739146 -0.597737 -0.968518 -0.918177 -0.74381 -0.793972 -0.873596 0.673275 -0.808904 -0.824209 -0.969761 -0.761438 0.81875 0.988101 0.895012 0.606844 0.811762 -0.879494 -0.966622 -0.927717 -0.901536 -0.912412 -0.821914 -0.881628 -0.959631 
-0.858435 -0.751393 0.817648 0.916578 0.729401 0.790854 -0.967229 -0.92129 -0.794137 -0.734914 -0.742639 0.887656 -0.908086 -0.808869 -0.80746 -0.803892 -0.920926 -0.731614 0.777635 -0.911099 -0.883601 -0.701518 -0.839301 -0.927419 -0.900462 0.656794 -0.918381 -0.833351 -0.782433 -0.822733 -0.817325 -0.880215 0.820959 -0.649065 -0.90491 0.728114 -0.877232 -0.891004 -0.756752 0.568641 -0.688189 -0.809419 0.678967 -0.760621 -0.792095 -0.809769 0.802133 -0.799698 -0.85444 -0.8272 0.795293 0.877654 0.816716 -0.746341 -0.845268 -0.897968 -0.898083 -0.924493 -0.777345 -0.812504 -0.900113 -0.853811 -0.788131 


Number of epochs: 18
