epoch 1: 
56.3239 47.0839 49.9877 48.3291 48.0623 45.1022 51.2902 50.4647 51.4041 49.7612 
------------------------------------

epoch 2: 
49.9913 38.432 39.3904 40.672 39.0898 36.4185 42.0046 42.5334 43.2232 44.1807 
------------------------------------

epoch 3: 
47.1236 33.2004 34.1452 36.4899 34.0516 32.0901 36.8723 38.0264 39.3307 41.4211 
------------------------------------

epoch 4: 
45.85 29.6161 30.7643 33.8192 31.1359 29.2974 33.3998 34.8368 37.076 39.3038 
------------------------------------

epoch 5: 
44.6493 26.9167 28.2861 31.9502 28.829 27.1433 30.832 32.2278 35.1984 37.5294 
------------------------------------

epoch 6: 
42.9798 24.8601 26.3471 30.621 27.0256 25.5391 28.846 30.1159 33.3844 36.1734 
------------------------------------

epoch 7: 
41.0929 23.2632 24.7934 29.6329 25.5498 24.2737 27.2587 28.3948 31.67 35.1961 
------------------------------------

epoch 8: 
39.1352 22.0102 23.4971 28.8944 24.2676 23.1973 25.9325 26.989 30.0931 34.4951 
------------------------------------

epoch 9: 
37.1918 20.9661 22.376 28.2068 23.0966 22.221 24.7906 25.7971 28.6591 33.9727 
------------------------------------

epoch 10: 
35.3088 20.0596 21.4071 27.469 22.0395 21.3293 23.7998 24.7506 27.3648 33.5328 
------------------------------------

epoch 11: 
33.497 19.2863 20.5922 26.728 21.1003 20.5273 22.9538 23.8183 26.1837 33.1353 
------------------------------------

epoch 12: 
31.7815 18.628 19.9218 25.9971 20.2637 19.8083 22.2477 22.9703 25.0771 32.8091 
------------------------------------

epoch 13: 
30.1634 18.067 19.3768 25.2793 19.5051 19.1609 21.6718 22.1861 24.018 32.6015 
------------------------------------

epoch 14: 
28.6583 17.5769 18.8832 24.5716 18.7965 18.5706 21.1717 21.4484 22.998 32.4364 
------------------------------------

epoch 15: 
27.2338 17.1276 18.2742 23.8698 18.1093 18.0164 20.5979 20.7466 21.9997 31.9311 
------------------------------------

epoch 16: 
25.9215 16.7226 17.5999 23.1771 17.4636 17.5124 19.9636 20.087 21.0632 31.0654 
------------------------------------

epoch 17: 
24.685 16.3691 16.9365 22.4953 16.862 17.0477 19.3106 19.4731 20.2097 30.011 
------------------------------------

epoch 18: 
23.5589 16.0482 16.2808 21.8259 16.3182 16.6268 18.6305 18.9021 19.4552 28.8421 
------------------------------------

epoch 19: 
22.5104 15.7799 15.6673 21.173 15.8128 16.2281 17.9513 18.387 18.7663 27.6818 
------------------------------------

epoch 20: 
21.5604 15.533 15.1008 20.5323 15.3594 15.8668 17.2996 17.9261 18.1563 26.594 
------------------------------------

epoch 21: 
20.7097 15.3438 14.5801 19.909 14.9164 15.5036 16.6684 17.5631 17.5846 25.6442 
------------------------------------

epoch 22: 
19.9143 15.1675 14.0906 19.2843 14.515 15.1659 16.0731 17.3413 17.0794 24.779 
------------------------------------

epoch 23: 
19.2222 15.0506 13.6266 18.6647 14.1047 14.8025 15.4966 17.3146 16.5953 23.968 
------------------------------------

epoch 24: 
18.5291 14.8623 13.185 18.0258 13.7272 14.4461 14.9655 17.2265 16.1636 23.1359 
------------------------------------

epoch 25: 
17.935 14.6435 12.7817 17.4033 13.3391 14.0647 14.4652 17.0202 15.7459 22.3704 
------------------------------------

epoch 26: 
17.3263 14.384 12.4131 16.7954 12.9888 13.7126 14.0191 16.7312 15.3713 21.6324 
------------------------------------

epoch 27: 
16.8055 14.1339 12.0772 16.2334 12.6398 13.3623 13.6012 16.3937 15.0097 20.9723 
------------------------------------

epoch 28: 
16.2925 13.8643 11.7627 15.7092 12.324 13.043 13.2292 16.0173 14.6778 20.3508 
------------------------------------

epoch 29: 
15.844 13.6001 11.468 15.2348 12.018 12.7345 12.8833 15.6323 14.3579 19.7874 
------------------------------------

epoch 30: 
15.4115 13.3296 11.1876 14.7996 11.7367 12.4489 12.5767 15.2467 14.0574 19.2618 
------------------------------------

epoch 31: 
15.0198 13.0636 10.9208 14.4039 11.4677 12.1764 12.2935 14.8667 13.7687 18.7778 
------------------------------------

epoch 32: 
14.648 12.8004 10.6653 14.0405 11.2162 11.9213 12.0349 14.4981 13.4941 18.3269 
------------------------------------

epoch 33: 
14.3037 12.5438 10.4217 13.7064 10.9776 11.6803 11.7889 14.1422 13.231 17.9082 
------------------------------------

epoch 34: 
13.9792 12.2943 10.1904 13.3968 10.7529 11.4541 11.5538 13.8012 12.9796 17.5181 
------------------------------------

epoch 35: 
13.675 12.0529 9.97195 13.1082 10.5405 11.2413 11.328 13.475 12.739 17.1545 
------------------------------------

epoch 36: 
13.3887 11.82 9.76605 12.8377 10.3397 11.041 11.1126 13.1642 12.5086 16.8149 
------------------------------------

epoch 37: 
13.1194 11.5961 9.57188 12.5831 10.1495 10.8518 10.9077 12.8682 12.2877 16.4967 
------------------------------------

epoch 38: 
12.8659 11.3814 9.38842 12.3425 9.96902 10.6726 10.7127 12.5867 12.0758 16.1977 
------------------------------------

epoch 39: 
12.6271 11.1758 9.21471 12.1144 9.79732 10.5023 10.5271 12.319 11.8724 15.9159 
------------------------------------

epoch 40: 
12.4023 10.9793 9.04993 11.8975 9.6337 10.34 10.3502 12.0644 11.6772 15.6496 
------------------------------------

epoch 41: 
12.1904 10.7915 8.89334 11.691 9.47748 10.1849 10.1814 11.8221 11.4896 15.3973 
------------------------------------

epoch 42: 
11.9907 10.6121 8.74431 11.4938 9.32806 10.0364 10.02 11.5915 11.3092 15.1578 
------------------------------------

epoch 43: 
11.8022 10.4407 8.60227 11.3052 9.18493 9.89381 9.86559 11.3718 11.1358 14.93 
------------------------------------

epoch 44: 
11.6242 10.2769 8.46673 11.1245 9.04761 9.7567 9.71751 11.1623 10.9689 14.7129 
------------------------------------

epoch 45: 
11.4556 10.1203 8.33723 10.9511 8.91571 9.62458 9.57537 10.9624 10.8083 14.5056 
------------------------------------

epoch 46: 
11.2953 9.97035 8.21337 10.7845 8.78888 9.49707 9.43874 10.7714 10.6536 14.3074 
------------------------------------

epoch 47: 
11.1424 9.82685 8.09479 10.6243 8.66681 9.3738 9.30728 10.5889 10.5045 14.1177 
------------------------------------

epoch 48: 
10.9959 9.68942 7.98115 10.4699 8.54926 9.25446 9.18068 10.4143 10.361 13.9358 
------------------------------------

epoch 49: 
10.855 9.55775 7.87214 10.321 8.43599 9.13876 9.05867 10.2472 10.2227 13.7613 
------------------------------------

epoch 50: 
10.7191 9.43158 7.76751 10.1773 8.32681 9.02644 8.94101 10.0871 10.0896 13.5937 
------------------------------------

epoch 51: 
10.5877 9.31064 7.66699 10.0385 8.22156 8.91724 8.82748 9.93364 9.96138 13.4325 
------------------------------------

epoch 52: 
10.4605 9.19469 7.57033 9.90432 8.12008 8.81094 8.71787 9.78652 9.83796 13.2773 
------------------------------------

epoch 53: 
10.3374 9.08352 7.47733 9.77445 8.02225 8.70731 8.612 9.64535 9.71916 13.1279 
------------------------------------

epoch 54: 
10.2182 8.9769 7.38776 9.64869 7.92798 8.60615 8.50966 9.50983 9.6048 12.9839 
------------------------------------

epoch 55: 
10.1028 8.87464 7.30143 9.52683 7.83721 8.50723 8.41067 9.37969 9.49472 12.845 
------------------------------------

epoch 56: 
9.99096 8.77656 7.21817 9.40868 7.74992 8.41034 8.31487 9.25465 9.38875 12.7109 
------------------------------------

epoch 57: 
9.88261 8.68249 7.1378 9.29405 7.66614 8.31527 8.22208 9.13447 9.28671 12.5815 
------------------------------------

epoch 58: 
9.77761 8.5923 7.06016 9.18279 7.58594 8.22179 8.13216 9.01896 9.18841 12.4564 
------------------------------------

epoch 59: 
9.67581 8.50584 6.98511 9.07472 7.50941 8.12969 8.04494 8.9079 9.09367 12.3354 
------------------------------------

epoch 60: 
9.57706 8.423 6.91251 8.96974 7.43667 8.03872 7.9603 8.80112 9.00232 12.2184 
------------------------------------

epoch 61: 
9.48123 8.34365 6.84222 8.86773 7.36779 7.94869 7.87809 8.69843 8.91414 12.1052 
------------------------------------

epoch 62: 
9.38816 8.26766 6.7741 8.76858 7.30274 7.85938 7.79818 8.59964 8.82894 11.9955 
------------------------------------

epoch 63: 
9.2977 8.19487 6.708 8.67224 7.24129 7.77066 7.72045 8.50452 8.74652 11.8892 
------------------------------------

epoch 64: 
9.20971 8.1251 6.64376 8.57866 7.18295 7.68244 7.64477 8.41281 8.66669 11.7861 
------------------------------------

epoch 65: 
9.12405 8.05815 6.58119 8.4878 7.12702 7.59474 7.57101 8.32422 8.5893 11.6862 
------------------------------------

epoch 66: 
9.04059 7.99377 6.52013 8.39965 7.07265 7.50769 7.49907 8.23848 8.51421 11.5892 
------------------------------------

epoch 67: 
8.95924 7.93176 6.46041 8.31418 7.019 7.42151 7.42882 8.15531 8.44132 11.4952 
------------------------------------

epoch 68: 
8.87992 7.87191 6.40188 8.23136 6.9654 7.3365 7.36017 8.07449 8.37055 11.4039 
------------------------------------

epoch 69: 
8.80258 7.81404 6.34442 8.15117 6.91144 7.25301 7.29303 7.99587 8.30188 11.3154 
------------------------------------

epoch 70: 
8.72718 7.75799 6.28796 8.07354 6.85689 7.17137 7.22733 7.91932 8.23528 11.2295 
------------------------------------

epoch 71: 
8.65368 7.7036 6.23243 7.99844 6.80172 7.0919 7.163 7.84477 8.17074 11.1462 
------------------------------------

epoch 72: 
8.58203 7.65072 6.1778 7.92581 6.74596 7.01491 7.1 7.77212 8.1083 11.0653 
------------------------------------

epoch 73: 
8.5122 7.59915 6.12405 7.85562 6.68965 6.94074 7.03827 7.70132 8.04798 10.9868 
------------------------------------

epoch 74: 
8.44412 7.54871 6.07117 7.78784 6.63288 6.86977 6.97778 7.63231 7.98983 10.9106 
------------------------------------

epoch 75: 
8.37773 7.49917 6.01913 7.72248 6.57566 6.80246 6.9185 7.56503 7.93393 10.8365 
------------------------------------

epoch 76: 
8.31295 7.45033 5.96791 7.65956 6.51799 6.73945 6.86038 7.49944 7.88034 10.7644 
------------------------------------

epoch 77: 
8.24967 7.40196 5.91746 7.59913 6.45983 6.68157 6.8034 7.43549 7.82917 10.6942 
------------------------------------

epoch 78: 
8.18775 7.35378 5.86772 7.54127 6.40111 6.62984 6.7475 7.37313 7.78045 10.6255 
------------------------------------

epoch 79: 
8.12701 7.3054 5.81859 7.48606 6.34172 6.58538 6.69263 7.31232 7.73423 10.5582 
------------------------------------

epoch 80: 
8.06724 7.25628 5.76998 7.4336 6.28153 6.54902 6.6387 7.25302 7.69043 10.4918 
------------------------------------

epoch 81: 
8.00821 7.20568 5.72175 7.3839 6.22044 6.52061 6.58562 7.19516 7.64889 10.4258 
------------------------------------

epoch 82: 
7.94986 7.1528 5.67385 7.33691 6.15837 6.49827 6.53332 7.13872 7.60935 10.3595 
------------------------------------

epoch 83: 
7.89229 7.09721 5.62631 7.2924 6.09541 6.47853 6.48175 7.08373 7.57158 10.292 
------------------------------------

epoch 84: 
7.83586 7.03916 5.57932 7.25002 6.03187 6.4578 6.43098 7.03026 7.53552 10.2221 
------------------------------------

epoch 85: 
7.78096 6.97977 5.53315 7.20933 5.96826 6.43401 6.38112 6.97842 7.50131 10.1484 
------------------------------------

epoch 86: 
7.72782 6.92061 5.48802 7.16988 5.90519 6.40683 6.33227 6.92831 7.4691 10.0695 
------------------------------------

epoch 87: 
7.67643 6.86312 5.44405 7.13121 5.84317 6.3768 6.28444 6.87995 7.43892 9.98413 
------------------------------------

epoch 88: 
7.62664 6.80842 5.40116 7.09278 5.78257 6.34458 6.2375 6.8333 7.41042 9.89146 
------------------------------------

epoch 89: 
7.57824 6.75722 5.35914 7.05395 5.72358 6.31067 6.19123 6.78826 7.38292 9.7914 
------------------------------------

epoch 90: 
7.53103 6.70991 5.3177 7.01411 5.6663 6.27534 6.14535 6.74465 7.35544 9.68488 
------------------------------------

epoch 91: 
7.48481 6.6667 5.27656 6.97269 5.61078 6.23874 6.09959 6.70227 7.32688 9.57375 
------------------------------------

epoch 92: 
7.43939 6.62756 5.2355 6.92942 5.55706 6.20099 6.05377 6.66086 7.29622 9.46046 
------------------------------------

epoch 93: 
7.39462 6.59231 5.19443 6.88429 5.50516 6.16224 6.00784 6.62021 7.26274 9.34751 
------------------------------------

epoch 94: 
7.35038 6.56058 5.15339 6.83757 5.45509 6.12267 5.96186 6.58015 7.22608 9.237 
------------------------------------

epoch 95: 
7.30658 6.53193 5.11248 6.78966 5.40684 6.08249 5.91599 6.54055 7.18629 9.13039 
------------------------------------

epoch 96: 
7.26317 6.50585 5.07186 6.74103 5.36036 6.04188 5.8704 6.50136 7.14368 9.02847 
------------------------------------

epoch 97: 
7.22014 6.48183 5.03167 6.69209 5.31558 6.00104 5.82527 6.46255 7.09878 8.93149 
------------------------------------

epoch 98: 
7.17749 6.45943 4.99204 6.64318 5.27242 5.96012 5.78074 6.42413 7.05212 8.83939 
------------------------------------

epoch 99: 
7.13523 6.43823 4.95306 6.59455 5.23076 5.91926 5.73692 6.38613 7.00426 8.75188 
------------------------------------

epoch 100: 
7.09336 6.41792 4.9148 6.54635 5.19052 5.87853 5.69388 6.34859 6.95565 8.6686 
------------------------------------

epoch 101: 
7.05191 6.39821 4.87729 6.4987 5.15157 5.83805 5.65167 6.31154 6.90669 8.58915 
------------------------------------

epoch 102: 
7.0109 6.37885 4.84056 6.45167 5.11382 5.79787 5.6103 6.27502 6.85769 8.51318 
------------------------------------

epoch 103: 
6.97033 6.35966 4.80461 6.40529 5.07718 5.75805 5.56978 6.23906 6.80889 8.44033 
------------------------------------

epoch 104: 
6.93021 6.34049 4.76943 6.35959 5.04155 5.71864 5.53009 6.20365 6.76049 8.37031 
------------------------------------

epoch 105: 
6.89055 6.32119 4.73502 6.31457 5.00686 5.67968 5.49124 6.16882 6.7126 8.30285 
------------------------------------

epoch 106: 
6.85137 6.30168 4.70136 6.27024 4.97305 5.64118 5.45319 6.13456 6.66535 8.23772 
------------------------------------

epoch 107: 
6.81265 6.28189 4.66843 6.2266 4.94004 5.60318 5.41591 6.10087 6.61879 8.1747 
------------------------------------

epoch 108: 
6.77441 6.26178 4.63622 6.18365 4.9078 5.56568 5.37939 6.06773 6.57297 8.11363 
------------------------------------

epoch 109: 
6.73665 6.24133 4.6047 6.14138 4.87626 5.52869 5.34361 6.03512 6.52792 8.05436 
------------------------------------

epoch 110: 
6.69937 6.22054 4.57385 6.0998 4.8454 5.49222 5.30852 6.00304 6.48367 7.99674 
------------------------------------

epoch 111: 
6.66256 6.19942 4.54366 6.05888 4.81519 5.45627 5.27412 5.97146 6.4402 7.94066 
------------------------------------

epoch 112: 
6.62623 6.17799 4.5141 6.01863 4.78558 5.42082 5.24037 5.94036 6.39753 7.88602 
------------------------------------

epoch 113: 
6.59038 6.15629 4.48515 5.97903 4.75655 5.3859 5.20725 5.90973 6.35565 7.83273 
------------------------------------

epoch 114: 
6.55499 6.13434 4.45678 5.94007 4.72808 5.35147 5.17474 5.87955 6.31453 7.7807 
------------------------------------

epoch 115: 
6.52007 6.11219 4.42899 5.90174 4.70014 5.31755 5.14282 5.84981 6.27417 7.72988 
------------------------------------

epoch 116: 
6.48562 6.08986 4.40175 5.86403 4.67273 5.2841 5.11147 5.82048 6.23454 7.68018 
------------------------------------

epoch 117: 
6.45163 6.06739 4.37504 5.82692 4.64581 5.25114 5.08068 5.79157 6.19564 7.63156 
------------------------------------

epoch 118: 
6.41809 6.04481 4.34885 5.7904 4.61937 5.21865 5.05041 5.76305 6.15745 7.58396 
------------------------------------

epoch 119: 
6.385 6.02215 4.32316 5.75446 4.59341 5.18663 5.02066 5.73492 6.11993 7.53733 
------------------------------------

epoch 120: 
6.35235 5.99944 4.29795 5.71908 4.56789 5.15505 4.99141 5.70716 6.08308 7.49163 
------------------------------------

epoch 121: 
6.32014 5.97669 4.27321 5.68426 4.54281 5.12394 4.96264 5.67977 6.04688 7.44683 
------------------------------------

epoch 122: 
6.28836 5.95394 4.24892 5.64997 4.51815 5.09326 4.93434 5.65273 6.0113 7.40287 
------------------------------------

epoch 123: 
6.257 5.93121 4.22507 5.6162 4.49391 5.06301 4.90649 5.62604 5.97634 7.35973 
------------------------------------

epoch 124: 
6.22607 5.9085 4.20164 5.58295 4.47006 5.03318 4.87909 5.59969 5.94196 7.31738 
------------------------------------

epoch 125: 
6.19554 5.88584 4.17863 5.5502 4.44661 5.00378 4.85211 5.57366 5.90816 7.27579 
------------------------------------

epoch 126: 
6.16542 5.86325 4.15601 5.51794 4.42353 4.97477 4.82555 5.54796 5.87492 7.23493 
------------------------------------

epoch 127: 
6.13569 5.84072 4.13379 5.48616 4.40082 4.94618 4.7994 5.52258 5.84222 7.19477 
------------------------------------

epoch 128: 
6.10635 5.81829 4.11193 5.45485 4.37847 4.91797 4.77365 5.4975 5.81005 7.15529 
------------------------------------

epoch 129: 
6.0774 5.79595 4.09045 5.424 4.35647 4.89015 4.74828 5.47272 5.7784 7.11646 
------------------------------------

epoch 130: 
6.04882 5.77372 4.06931 5.3936 4.33481 4.86271 4.72328 5.44824 5.74724 7.07828 
------------------------------------

epoch 131: 
6.02062 5.7516 4.04852 5.36363 4.31348 4.83564 4.69865 5.42405 5.71656 7.04071 
------------------------------------

epoch 132: 
5.99277 5.72961 4.02806 5.33409 4.29248 4.80893 4.67438 5.40015 5.68637 7.00373 
------------------------------------

-0.868016 -0.848878 0.918801 0.926981 -0.871934 -0.905317 -0.923783 -0.906458 -0.885049 -0.933811 0.871424 -0.894477 -0.895739 -0.926322 -0.951252 -0.856576 -0.929605 0.891384 -0.954275 -0.858113 -0.890378 -0.92584 -0.859179 0.907811 -0.861877 0.793716 -0.90693 -0.957936 -0.96132 -0.86145 0.873538 -0.900992 0.912573 -0.792382 -0.834472 -0.967021 0.933516 0.8698 0.879319 0.832044 0.96242 -0.933949 -0.946237 0.894732 -0.908554 -0.893746 -0.975028 0.952013 -0.90702 0.925585 0.931317 0.935982 -0.841951 0.975209 0.973539 0.852163 -0.893215 -0.915393 -0.933971 -0.936281 -0.903777 -0.917252 -0.957611 
0.935945 0.968676 0.96012 0.806292 0.681863 -0.748281 -0.80511 -0.978232 0.981054 -0.979894 -0.981482 -0.872942 0.778169 -0.98962 -0.923121 0.939637 -0.968657 -0.869695 -0.992522 0.860411 -0.981044 -0.965238 0.951969 0.793637 0.766629 0.464484 -0.699525 -0.973379 -0.927912 0.948582 -0.961756 -0.856663 -0.951022 0.942561 -0.964106 -0.976624 0.940695 -0.978815 -0.957517 -0.994212 0.950874 -0.970389 -0.994203 0.988877 -0.975924 -0.963577 -0.854294 0.788856 -0.964217 0.951431 0.906227 0.922895 0.770148 0.768052 -0.843931 -0.799761 -0.981547 -0.985453 -0.97888 -0.964241 -0.978285 -0.978688 -0.971551 
-0.913393 -0.893702 0.983594 0.983495 0.997694 0.989742 -0.98491 -0.973933 0.920801 -0.976693 -0.972306 -0.961285 0.938241 -0.983115 0.834053 -0.89204 -0.988056 -0.949552 -0.94196 -0.982998 -0.987572 0.859807 -0.943493 -0.958856 -0.843467 -0.944434 -0.995666 -0.977543 0.833431 -0.906502 -0.993867 -0.898876 -0.764736 -0.724561 -0.73552 0.900933 -0.959185 -0.99347 -0.982307 -0.967632 -0.794844 -0.985116 -0.919208 0.883979 -0.980366 -0.93797 -0.946078 0.830566 -0.976251 -0.937226 -0.826907 0.986886 0.994404 0.901885 -0.960383 -0.988478 -0.976506 -0.98462 -0.9867 -0.990317 -0.985624 -0.99157 -0.972632 
0.933688 0.869313 0.95158 0.952178 -0.688229 -0.938944 -0.944874 -0.97095 0.892642 -0.978412 -0.997286 0.83432 -0.765115 -0.984831 -0.97616 0.921971 -0.947026 -0.978086 -0.855819 0.934409 -0.945263 -0.981509 0.960253 -0.756191 -0.762932 -0.486244 0.737062 -0.981916 -0.968941 0.951823 -0.979444 -0.9761 -0.862949 0.848298 -0.988283 -0.86905 0.933989 -0.988402 -0.995691 -0.828393 0.871745 -0.961433 -0.861975 0.901542 -0.960451 -0.98581 0.80086 -0.88319 -0.955954 0.927206 0.96816 0.956634 0.966684 -0.855325 -0.993725 -0.976164 -0.939526 -0.973902 -0.988099 -0.962133 -0.945754 -0.96467 -0.946406 
0.878163 0.902314 0.986275 0.893668 0.960711 0.931699 -0.881588 -0.974189 0.922461 -0.947773 -0.830741 -0.987487 0.947396 -0.983685 -0.917251 0.8464 -0.968153 0.97401 -0.994403 -0.947961 -0.978335 -0.951017 0.847621 0.97838 0.946204 -0.967674 -0.915203 -0.991457 -0.894336 0.856983 -0.957129 0.915199 -0.988485 -0.986233 -0.99063 -0.964539 0.929387 -0.940822 -0.855127 -0.957376 -0.898444 -0.966562 -0.98499 0.96031 -0.981825 -0.897202 -0.991917 0.708353 -0.985931 0.931141 0.92537 0.984575 0.823936 0.786173 0.722319 -0.839051 -0.981946 -0.973242 -0.981214 -0.977544 -0.986022 -0.969603 -0.961387 
0.900209 0.888387 0.988725 0.947505 0.94995 0.907327 -0.96103 -0.985803 0.930459 -0.980493 -0.985237 -0.875865 0.844104 -0.98995 -0.962672 0.929292 -0.983244 0.73889 -0.973541 -0.849666 -0.98497 -0.981094 0.920081 0.792593 0.819411 -0.848003 -0.893603 -0.992738 -0.951098 0.909721 -0.984062 0.733223 -0.945915 -0.918569 -0.990822 -0.891548 0.905546 -0.98385 -0.979114 -0.927654 -0.896787 -0.977477 -0.917012 0.934534 -0.987601 -0.979948 -0.836826 -0.667158 -0.990885 0.90182 0.956267 0.982368 0.980946 -0.713308 -0.682062 -0.98271 -0.991857 -0.981432 -0.985018 -0.979769 -0.992249 -0.977892 -0.969183 
-0.983949 -0.990548 0.9569 0.954384 0.952018 0.855239 -0.974808 -0.955047 0.891095 -0.94699 -0.898118 -0.951322 0.920785 -0.957042 0.943734 -0.975074 -0.94362 -0.917415 -0.905465 -0.974757 -0.974262 0.923423 -0.980494 -0.853602 -0.966808 -0.678997 -0.997873 -0.9551 0.950503 -0.973045 -0.883533 -0.980066 0.781823 0.708806 0.721003 0.942867 -0.918758 -0.892598 -0.900774 -0.849647 0.786907 -0.934898 -0.925566 0.955256 -0.942377 -0.973217 -0.967041 0.985635 -0.952473 -0.917514 -0.965237 0.923131 0.918958 0.951347 -0.963139 -0.915042 -0.948968 -0.941376 -0.933034 -0.963741 -0.960016 -0.969192 -0.949262 
0.996994 0.963164 0.898517 -0.81198 0.924826 0.777843 0.803754 -0.903499 0.99475 -0.919509 -0.972316 -0.918871 0.988379 -0.875539 -0.883237 0.984805 -0.92563 -0.792843 -0.984863 0.915138 -0.915865 -0.863244 0.981667 0.984852 0.943216 0.864345 0.79823 -0.879544 -0.893231 0.989108 -0.887466 -0.810049 -0.991148 0.91982 -0.953854 -0.97257 0.977084 -0.886069 -0.969775 -0.984653 0.899226 -0.900439 -0.987005 0.997046 -0.916013 -0.938218 -0.923629 0.984052 -0.928199 0.990295 0.895349 0.916411 -0.779799 0.907778 0.800834 0.804955 -0.91657 -0.895717 -0.87958 -0.92443 -0.897076 -0.904945 -0.910042 
-0.876223 0.851988 0.936828 0.996872 0.985892 0.875167 -0.986644 -0.950965 -0.901247 -0.913987 0.788749 -0.894827 -0.839475 -0.956854 -0.923176 -0.908679 -0.926502 0.931694 -0.850253 -0.978421 -0.969194 -0.946484 -0.8744 -0.829115 0.901286 -0.603031 -0.996573 -0.930569 -0.931015 -0.883325 -0.933113 0.914472 -0.878484 -0.998134 -0.9941 -0.848041 -0.87657 -0.92197 0.791644 -0.809089 -0.985679 -0.939518 -0.854722 -0.872161 -0.945878 0.808458 -0.91141 -0.863035 -0.934129 -0.873323 0.957419 0.950002 0.992991 0.866216 0.809132 -0.978179 -0.970056 -0.974152 -0.943644 -0.92805 -0.944809 -0.949176 -0.956447 
-0.919638 -0.823931 0.913069 0.993288 0.801773 0.881011 -0.990516 -0.930794 -0.872808 -0.940364 -0.810066 0.89891 -0.964849 -0.869366 -0.851883 -0.915663 -0.889994 -0.784469 0.817292 -0.918954 -0.92169 -0.854373 -0.913497 -0.998474 -0.920323 0.520298 -0.89066 -0.885203 -0.863028 -0.931587 -0.924897 -0.797499 0.808419 -0.871415 -0.91934 0.824046 -0.915305 -0.910685 -0.804004 0.765352 -0.912961 -0.891707 0.804938 -0.901635 -0.91562 -0.824247 0.911648 -0.996009 -0.932453 -0.939469 0.842954 0.919966 0.998034 -0.967628 -0.942759 -0.994492 -0.940634 -0.869694 -0.87586 -0.884543 -0.90968 -0.86803 -0.922575 


Number of epochs: 132
