epoch 1: 
50.1779 41.1561 41.8975 44.2387 36.9853 36.3045 45.3769 43.3546 42.5338 43.9713 
------------------------------------

epoch 2: 
45.2871 33.598 35.1617 38.605 30.0632 30.5136 37.6626 38.3564 37.9614 40.1157 
------------------------------------

epoch 3: 
42.732 30.0906 30.3709 35.1957 27.0362 27.8065 33.1518 35.3013 36.004 37.4613 
------------------------------------

epoch 4: 
40.706 27.2323 26.5697 32.2046 24.9557 25.8829 29.455 32.5295 34.4201 35.3208 
------------------------------------

epoch 5: 
38.1945 24.5538 23.7144 29.4403 23.0108 24.0084 26.7462 29.8376 32.4166 33.068 
------------------------------------

epoch 6: 
35.547 22.4473 21.5067 27.2282 21.3967 22.414 24.6692 27.6718 30.5037 30.9029 
------------------------------------

epoch 7: 
32.8673 20.6277 19.8034 25.4019 19.9103 20.914 23.0265 25.8747 28.6422 28.7461 
------------------------------------

epoch 8: 
30.342 19.1394 18.4448 23.8934 18.6204 19.57 21.6817 24.3837 26.821 26.6698 
------------------------------------

epoch 9: 
27.9137 17.9373 17.3289 22.632 17.5142 18.3765 20.5345 23.1292 25.0337 24.7443 
------------------------------------

epoch 10: 
25.5974 16.9639 16.4058 21.5764 16.5661 17.3165 19.5463 22.0381 23.3541 23.0328 
------------------------------------

epoch 11: 
23.6024 16.174 15.6432 20.691 15.7398 16.3644 18.6927 21.0511 21.8401 21.5526 
------------------------------------

epoch 12: 
21.8759 15.5088 15.0079 19.9352 15.0018 15.4978 17.9367 20.1228 20.4777 20.2708 
------------------------------------

epoch 13: 
20.4165 14.9429 14.4824 19.2809 14.3469 14.7076 17.2613 19.2383 19.2546 19.1669 
------------------------------------

epoch 14: 
19.1763 14.4515 14.0521 18.7023 13.7637 13.9857 16.6588 18.3904 18.1501 18.2149 
------------------------------------

epoch 15: 
18.1136 14.0169 13.7034 18.1775 13.2382 13.324 16.1381 17.5765 17.1563 17.3884 
------------------------------------

epoch 16: 
17.1883 13.6236 13.4154 17.6871 12.7535 12.7128 15.7219 16.7954 16.2723 16.6605 
------------------------------------

epoch 17: 
16.3675 13.255 13.1532 17.2152 12.2942 12.1432 15.4084 16.0455 15.491 16.0076 
------------------------------------

epoch 18: 
15.6298 12.8963 12.8722 16.7509 11.8513 11.6107 15.1097 15.3254 14.7981 15.4113 
------------------------------------

epoch 19: 
14.9675 12.5474 12.5586 16.2902 11.4267 11.1169 14.7496 14.6401 14.1815 14.8637 
------------------------------------

epoch 20: 
14.3762 12.2156 12.2358 15.8324 11.0255 10.6634 14.3632 13.9997 13.6317 14.3632 
------------------------------------

epoch 21: 
13.8466 11.8976 11.9177 15.3756 10.647 10.2472 13.9802 13.4101 13.138 13.9059 
------------------------------------

epoch 22: 
13.3693 11.5888 11.6079 14.9204 10.29 9.86525 13.6058 12.8719 12.6908 13.4867 
------------------------------------

epoch 23: 
12.9368 11.2886 11.309 14.4704 9.95426 9.5151 13.2442 12.3827 12.2829 13.1008 
------------------------------------

epoch 24: 
12.5426 10.9985 11.0228 14.0298 9.6398 9.19444 12.8984 11.9378 11.909 12.7438 
------------------------------------

epoch 25: 
12.1813 10.7206 10.7498 13.6026 9.34622 8.90078 12.5699 11.5321 11.5646 12.4119 
------------------------------------

epoch 26: 
11.8484 10.4562 10.4898 13.1916 9.07269 8.63146 12.2587 11.1612 11.2459 12.1018 
------------------------------------

epoch 27: 
11.5403 10.2062 10.2424 12.7983 8.81799 8.3839 11.9641 10.8214 10.95 11.8109 
------------------------------------

epoch 28: 
11.2537 9.97052 10.007 12.4232 8.58067 8.15567 11.6851 10.5099 10.674 11.537 
------------------------------------

epoch 29: 
10.9861 9.74899 9.78283 12.0659 8.35923 7.94458 11.4206 10.2245 10.4158 11.2784 
------------------------------------

epoch 30: 
10.7352 9.54067 9.56941 11.7256 8.15218 7.74872 11.1692 9.96315 10.1732 11.0337 
------------------------------------

epoch 31: 
10.4991 9.34418 9.36613 11.4014 7.95809 7.56638 10.93 9.72366 9.94472 10.8016 
------------------------------------

-0.813734 -0.765504 0.889996 0.813963 -0.651937 -0.737803 -0.931294 -0.840294 -0.821019 -0.938008 0.838668 -0.924296 -0.766352 -0.939623 -0.818849 -0.848167 -0.898478 0.826788 -0.862233 -0.873324 -0.825595 -0.921975 -0.818329 0.853158 -0.680889 0.852263 -0.874225 -0.801779 -0.923957 -0.832709 0.775246 -0.817078 0.741822 -0.840252 -0.844488 -0.86981 0.770793 0.741961 0.877564 0.766476 0.772575 -0.811803 -0.876759 0.760288 -0.823298 -0.720852 -0.934162 0.837336 -0.860255 0.762938 0.87397 0.878544 -0.757185 0.940392 0.836828 0.743576 -0.8838 -0.85364 -0.917736 -0.831746 -0.895648 -0.849461 -0.847408 
0.895483 0.743912 0.991161 0.731968 0.631674 -0.416679 -0.751824 -0.966923 0.951476 -0.988835 -0.955789 -0.821849 0.760403 -0.973523 -0.887229 0.863391 -0.971602 -0.820585 -0.950541 0.595719 -0.978075 -0.808957 0.819743 0.728963 0.58157 0.444469 -0.6378 -0.96737 -0.842246 0.919826 -0.906171 -0.892457 -0.862049 0.782118 -0.876195 -0.94089 0.861207 -0.933623 -0.943877 -0.887528 0.840935 -0.963813 -0.939667 0.968888 -0.971657 -0.975218 -0.925324 0.783802 -0.955927 0.959111 0.883096 0.967444 0.537306 0.68582 -0.690762 -0.587325 -0.971133 -0.946518 -0.977818 -0.969919 -0.927169 -0.964783 -0.976685 
-0.860305 -0.767016 0.940356 0.941678 0.948628 0.905926 -0.971622 -0.959553 0.861117 -0.968055 -0.923711 -0.901995 0.781158 -0.969639 0.684498 -0.836176 -0.938994 -0.772881 -0.930644 -0.93064 -0.942968 0.700289 -0.798368 -0.817036 -0.715356 -0.821582 -0.965298 -0.979717 0.688863 -0.871148 -0.953532 -0.813378 -0.225548 -0.481543 -0.479821 0.758352 -0.862698 -0.947038 -0.908977 -0.913116 -0.438454 -0.949536 -0.869341 0.82204 -0.945357 -0.925398 -0.873905 0.704356 -0.944201 -0.762478 -0.712911 0.953205 0.960016 0.794771 -0.93563 -0.946499 -0.94557 -0.955981 -0.943018 -0.945652 -0.952341 -0.956115 -0.95788 
0.883126 0.813607 0.960752 0.802 -0.316522 -0.514096 -0.712398 -0.948169 0.827548 -0.912101 -0.98329 0.530417 -0.501631 -0.935143 -0.856119 0.834342 -0.949227 -0.97793 -0.758001 0.843577 -0.977559 -0.949835 0.848065 -0.588731 -0.679092 -0.268857 0.589865 -0.930178 -0.896609 0.8103 -0.95951 -0.929092 -0.764151 0.668687 -0.875358 -0.803217 0.822087 -0.919256 -0.969128 -0.739738 0.78193 -0.96596 -0.708678 0.798294 -0.946658 -0.897663 0.698316 -0.765801 -0.854512 0.780597 0.965471 0.919828 0.792239 -0.729 -0.879769 -0.730666 -0.970355 -0.968033 -0.9448 -0.955087 -0.908627 -0.947701 -0.839338 
0.821038 0.970385 0.9172 0.830416 0.935463 0.917486 -0.82029 -0.906764 0.853158 -0.953194 -0.817123 -0.969623 0.920468 -0.923011 -0.832997 0.799682 -0.884092 0.829526 -0.968936 -0.783071 -0.955135 -0.831539 0.773767 0.862017 0.956492 -0.86267 -0.930776 -0.922119 -0.832308 0.853915 -0.896437 0.921959 -0.975973 -0.870491 -0.882293 -0.845121 0.862787 -0.902374 -0.826432 -0.922324 -0.703434 -0.911234 -0.9597 0.939373 -0.978203 -0.776145 -0.956841 0.538537 -0.952512 0.915931 0.873492 0.923989 0.812989 0.709161 0.54296 -0.833474 -0.845822 -0.917175 -0.870433 -0.949765 -0.889751 -0.937056 -0.963082 
0.801679 0.925557 0.952755 0.924104 0.894955 0.922524 -0.89453 -0.951476 0.81266 -0.943664 -0.866779 -0.958483 0.769374 -0.959314 -0.878319 0.807058 -0.952706 0.75482 -0.970377 -0.804307 -0.954358 -0.867641 0.883966 0.730984 0.821959 -0.884856 -0.982739 -0.932649 -0.847326 0.736761 -0.979853 0.71978 -0.962218 -0.916748 -0.921243 -0.781214 0.762713 -0.924551 -0.936849 -0.92886 -0.873966 -0.954491 -0.921302 0.875164 -0.985475 -0.940893 -0.880979 -0.555576 -0.934014 0.743609 0.854444 0.949529 0.932271 -0.655621 -0.602924 -0.961955 -0.926026 -0.961873 -0.905076 -0.962199 -0.933282 -0.972807 -0.927435 
-0.780276 -0.91473 0.901029 0.809553 0.922382 0.555101 -0.956001 -0.861473 0.9321 -0.933608 -0.953436 -0.799438 0.918218 -0.901981 0.912108 -0.787918 -0.905374 -0.865065 -0.700274 -0.907859 -0.772672 0.795925 -0.828367 -0.827419 -0.880211 -0.808764 -0.891315 -0.956012 0.890491 -0.726801 -0.691898 -0.879642 0.387849 0.59566 0.546653 0.783757 -0.688998 -0.834836 -0.845357 -0.799067 0.485618 -0.749302 -0.83165 0.947809 -0.909534 -0.854328 -0.805427 0.885439 -0.729784 -0.842949 -0.928749 0.892047 0.833827 0.926549 -0.970595 -0.942164 -0.893339 -0.706999 -0.752541 -0.893796 -0.913721 -0.82274 -0.901504 
0.916996 0.951404 0.966954 -0.667972 0.635311 0.395813 0.598665 -0.846299 0.916352 -0.959753 -0.811915 -0.588977 0.662559 -0.852409 -0.926962 0.937535 -0.884519 -0.757224 -0.933641 0.925112 -0.954635 -0.956643 0.889941 0.732901 0.945939 0.646854 0.797079 -0.904141 -0.930136 0.945422 -0.810314 -0.717352 -0.970879 0.883066 -0.910921 -0.964703 0.937893 -0.905559 -0.794998 -0.904675 0.794681 -0.884124 -0.927001 0.884891 -0.927747 -0.789182 -0.741529 0.856018 -0.937905 0.97641 0.916735 0.939339 -0.509512 0.909664 0.750747 0.512679 -0.826792 -0.883524 -0.911188 -0.940256 -0.882584 -0.960233 -0.973176 
-0.858635 0.726734 0.815542 0.885145 0.932326 0.952037 -0.78339 -0.867176 -0.80343 -0.834681 0.721798 -0.89642 -0.713972 -0.818527 -0.883782 -0.837204 -0.880761 0.890715 -0.823293 -0.876562 -0.897583 -0.796223 -0.840944 -0.718654 0.72442 -0.658843 -0.947444 -0.891095 -0.932606 -0.829714 -0.84983 0.768675 -0.815032 -0.969242 -0.974135 -0.820661 -0.756635 -0.794097 0.739766 -0.745899 -0.934115 -0.920106 -0.891415 -0.749994 -0.905765 0.648597 -0.877137 -0.73915 -0.934047 -0.80003 0.832776 0.874531 0.729966 0.843085 0.89147 -0.752766 -0.923841 -0.942694 -0.875909 -0.902644 -0.942211 -0.899582 -0.969818 
-0.888304 -0.845857 0.889557 0.87529 0.563551 0.720259 -0.876302 -0.868572 -0.76905 -0.797942 -0.736419 0.908413 -0.955019 -0.872861 -0.773603 -0.845978 -0.830274 -0.912363 0.687113 -0.735355 -0.865523 -0.750959 -0.880248 -0.985834 -0.88915 0.549765 -0.713601 -0.91703 -0.750904 -0.857786 -0.873326 -0.87505 0.661389 -0.740454 -0.829316 0.872991 -0.927915 -0.925258 -0.846691 0.685369 -0.73902 -0.920019 0.674894 -0.797721 -0.807831 -0.82034 0.816191 -0.883413 -0.913766 -0.895854 0.774508 0.820877 0.861775 -0.841826 -0.856213 -0.914536 -0.884454 -0.879096 -0.965155 -0.78294 -0.954175 -0.812025 -0.831106 


Number of epochs: 31
