epoch 1: 
46.5864 39.4187 39.9031 44.0564 38.6895 38.2275 40.4566 38.7329 38.7318 41.008 
------------------------------------

epoch 2: 
41.2566 28.4501 31.1511 35.0343 28.5982 29.2005 32.3874 29.8371 32.5471 34.7203 
------------------------------------

epoch 3: 
37.3848 23.2881 27.2539 31.3413 24.0132 24.9529 28.4707 25.3778 29.7589 31.0468 
------------------------------------

epoch 4: 
34.5336 20.5874 24.5019 28.9445 21.2489 22.2382 25.485 22.6223 27.7095 28.2266 
------------------------------------

epoch 5: 
31.9957 18.8145 22.1475 26.8596 19.2825 20.1732 22.827 20.6916 25.7786 26.0762 
------------------------------------

epoch 6: 
29.6714 17.4333 20.0915 24.9236 17.7479 18.4712 20.4959 19.1615 23.9149 24.2819 
------------------------------------

epoch 7: 
27.2581 16.3052 18.3397 23.2097 16.4992 17.0528 18.5261 17.8755 22.1366 22.668 
------------------------------------

epoch 8: 
24.9451 15.3367 16.9337 21.6803 15.4381 15.8372 16.9586 16.7789 20.4811 21.2148 
------------------------------------

epoch 9: 
22.9306 14.4833 15.8224 20.3174 14.5104 14.7833 15.7154 15.8396 19.0083 19.932 
------------------------------------

epoch 10: 
21.1491 13.7305 14.9337 19.1178 13.6878 13.8742 14.6934 15.0299 17.7309 18.8092 
------------------------------------

epoch 11: 
19.6229 13.0674 14.215 18.0564 12.9596 13.087 13.8217 14.3302 16.6345 17.8347 
------------------------------------

epoch 12: 
18.3121 12.4802 13.627 17.1079 12.3132 12.4014 13.0539 13.7169 15.6881 16.9823 
------------------------------------

epoch 13: 
17.1963 11.9551 13.1396 16.2506 11.7388 11.7992 12.3663 13.1726 14.8668 16.2313 
------------------------------------

epoch 14: 
16.2346 11.4784 12.7263 15.4696 11.226 11.266 11.7473 12.6819 14.1466 15.5603 
------------------------------------

epoch 15: 
15.4003 11.0395 12.3688 14.7553 10.7659 10.7892 11.19 12.234 13.5099 14.9546 
------------------------------------

epoch 16: 
14.669 10.6308 12.0566 14.1018 10.3509 10.359 10.6858 11.8217 12.9426 14.4036 
------------------------------------

epoch 17: 
14.023 10.2478 11.7839 13.5048 9.97441 9.96728 10.2248 11.4406 12.4336 13.8999 
------------------------------------

epoch 18: 
13.4476 9.88803 11.5416 12.9595 9.63121 9.60817 9.79813 11.0875 11.9738 13.437 
------------------------------------

epoch 19: 
12.9313 9.55006 11.3133 12.4614 9.31682 9.27731 9.40043 10.7602 11.556 13.0086 
------------------------------------

epoch 20: 
12.4648 9.23257 11.0823 12.006 9.02753 8.97179 9.02999 10.456 11.1741 12.6093 
------------------------------------

epoch 21: 
12.0406 8.93465 10.8435 11.5891 8.76018 8.68942 8.68722 10.172 10.8236 12.2352 
------------------------------------

epoch 22: 
11.6531 8.6556 10.6005 11.2066 8.5121 8.42802 8.37167 9.90578 10.5008 11.8846 
------------------------------------

epoch 23: 
11.2978 8.39463 10.3586 10.8547 8.28108 8.1854 8.0814 9.65537 10.2023 11.5563 
------------------------------------

-0.875419 -0.85855 0.874661 0.847295 -0.699849 -0.767007 -0.884982 -0.756428 -0.753598 -0.779802 0.733749 -0.855905 -0.717681 -0.870743 -0.873734 -0.780584 -0.905638 0.741929 -0.773407 -0.769219 -0.826704 -0.809127 -0.883175 0.78574 -0.682051 0.83977 -0.847187 -0.931803 -0.8381 -0.843318 0.720172 -0.858508 0.75563 -0.928241 -0.853732 -0.831716 0.751237 0.731811 0.740615 0.762151 0.683724 -0.966585 -0.883497 0.759913 -0.909303 -0.819181 -0.929713 0.804717 -0.919346 0.782043 0.76893 0.879926 -0.755405 0.835387 0.873833 0.737721 -0.873465 -0.796926 -0.916064 -0.786087 -0.881078 -0.919324 -0.879068 
0.897112 0.923977 0.976917 0.634726 0.557839 -0.380085 -0.708332 -0.921197 0.985431 -0.974226 -0.961811 -0.885677 0.861547 -0.975828 -0.810827 0.935573 -0.972932 -0.810288 -0.970095 0.798423 -0.954409 -0.947114 0.870865 0.866491 0.843854 0.423073 -0.347132 -0.961325 -0.877609 0.887919 -0.943517 -0.763266 -0.952186 0.779939 -0.904155 -0.884884 0.931641 -0.96664 -0.95579 -0.987227 0.858136 -0.954787 -0.982605 0.984265 -0.952985 -0.955848 -0.763373 0.786919 -0.962254 0.957939 0.85601 0.958486 0.776449 0.703263 -0.664706 -0.764758 -0.961076 -0.937178 -0.971657 -0.984152 -0.955237 -0.985553 -0.935854 
-0.811191 -0.80755 0.902955 0.954614 0.958201 0.933405 -0.959688 -0.969912 0.770421 -0.987601 -0.877963 -0.816981 0.754003 -0.986998 0.580141 -0.885316 -0.957439 -0.829994 -0.939357 -0.951372 -0.967078 0.705947 -0.860417 -0.814019 -0.787925 -0.79371 -0.967142 -0.96417 0.542123 -0.879843 -0.929609 -0.784597 -0.264938 -0.395489 -0.526646 0.736216 -0.695879 -0.932224 -0.829673 -0.878804 -0.488273 -0.97345 -0.877781 0.793083 -0.948023 -0.897347 -0.80195 0.788241 -0.973875 -0.748379 -0.672972 0.956836 0.889795 0.683874 -0.798312 -0.875531 -0.939583 -0.979426 -0.91622 -0.918894 -0.961997 -0.910402 -0.955652 
0.815939 0.757237 0.946244 0.828577 -0.410758 -0.685516 -0.887881 -0.804486 0.766957 -0.864421 -0.975966 0.803952 -0.688778 -0.971044 -0.910437 0.892438 -0.956165 -0.88857 -0.826196 0.684471 -0.949944 -0.903964 0.80552 -0.748124 -0.704964 -0.591235 0.644783 -0.909198 -0.893356 0.752771 -0.938881 -0.838812 -0.669687 0.807884 -0.783672 -0.790281 0.679005 -0.974123 -0.975163 -0.851932 0.599941 -0.864663 -0.678146 0.717001 -0.852631 -0.925477 0.601223 -0.819659 -0.935569 0.65568 0.778127 0.944998 0.953482 -0.78411 -0.95457 -0.942979 -0.903787 -0.94877 -0.942186 -0.872486 -0.941993 -0.991028 -0.957503 
0.821956 0.92738 0.932049 0.927215 0.91616 0.835908 -0.789889 -0.940226 0.815681 -0.93525 -0.710644 -0.954349 0.886777 -0.967002 -0.923934 0.822818 -0.978384 0.751035 -0.965449 -0.774751 -0.932416 -0.901985 0.794616 0.862491 0.917694 -0.740327 -0.867075 -0.895098 -0.89897 0.852723 -0.869185 0.737163 -0.969547 -0.842123 -0.974563 -0.964244 0.85703 -0.948742 -0.819444 -0.92599 -0.629732 -0.938933 -0.985205 0.868568 -0.964759 -0.757951 -0.923126 0.457869 -0.912747 0.837883 0.855363 0.96015 0.814506 0.744792 0.506392 -0.826674 -0.964383 -0.961296 -0.924254 -0.940267 -0.965367 -0.917217 -0.913195 
0.873642 0.93354 0.945035 0.961941 0.796509 0.801573 -0.942672 -0.933559 0.869143 -0.924204 -0.905477 -0.819304 0.705356 -0.98118 -0.972074 0.779508 -0.956758 0.754477 -0.909236 -0.713812 -0.914412 -0.851993 0.921863 0.619462 0.780115 -0.841255 -0.818912 -0.891894 -0.921286 0.902299 -0.97217 0.816517 -0.978668 -0.751728 -0.985686 -0.932968 0.863171 -0.974017 -0.893717 -0.869712 -0.867314 -0.951357 -0.971432 0.73668 -0.957506 -0.765118 -0.752464 -0.598819 -0.919233 0.845532 0.935848 0.986433 0.921755 -0.637119 -0.562711 -0.887406 -0.953107 -0.959677 -0.94406 -0.877753 -0.940599 -0.940605 -0.921225 
-0.882373 -0.868594 0.934605 0.859745 0.956439 0.908774 -0.80782 -0.946657 0.877061 -0.989113 -0.925631 -0.889543 0.87388 -0.974157 0.867666 -0.909706 -0.937207 -0.971943 -0.960834 -0.843641 -0.946331 0.84485 -0.917318 -0.880948 -0.883811 -0.680174 -0.875734 -0.913861 0.893167 -0.905282 -0.879532 -0.951806 0.417596 0.508871 0.440155 0.860137 -0.874548 -0.870333 -0.853938 -0.934019 0.516682 -0.951171 -0.840999 0.902248 -0.926439 -0.960275 -0.889351 0.927506 -0.978132 -0.901957 -0.832166 0.898735 0.800702 0.930721 -0.789383 -0.784139 -0.88358 -0.9774 -0.909819 -0.94755 -0.965533 -0.904622 -0.981692 
0.963607 0.936436 0.908159 -0.637872 0.757545 0.508254 0.671781 -0.919449 0.988604 -0.890495 -0.837828 -0.896047 0.901503 -0.780004 -0.782109 0.980723 -0.796833 -0.710135 -0.927764 0.770363 -0.839741 -0.832638 0.935833 0.951284 0.89454 0.776206 0.521644 -0.870265 -0.804821 0.974161 -0.788575 -0.779761 -0.934839 0.852952 -0.682936 -0.894612 0.977014 -0.84487 -0.833347 -0.981488 0.925369 -0.887649 -0.910298 0.989725 -0.839113 -0.919091 -0.884803 0.94342 -0.864791 0.982061 0.872747 0.809367 -0.712403 0.923581 0.74256 0.661077 -0.802747 -0.822253 -0.863183 -0.888206 -0.832338 -0.895614 -0.835194 
-0.869739 0.796054 0.939946 0.953453 0.895369 0.826918 -0.95204 -0.915815 -0.822338 -0.963382 0.683832 -0.731163 -0.830165 -0.828065 -0.891186 -0.758281 -0.868801 0.807313 -0.848467 -0.938835 -0.837632 -0.896697 -0.749795 -0.688548 0.699219 -0.727379 -0.967188 -0.89266 -0.812835 -0.806431 -0.875387 0.722999 -0.74387 -0.995706 -0.877899 -0.780608 -0.784025 -0.78062 0.732488 -0.726635 -0.916135 -0.814988 -0.909038 -0.675035 -0.972908 0.632619 -0.863787 -0.734037 -0.834358 -0.748179 0.873164 0.818469 0.897993 0.865364 0.747989 -0.88334 -0.94167 -0.952353 -0.855988 -0.95739 -0.918565 -0.81952 -0.944979 
-0.747678 -0.75036 0.749109 0.983669 0.642305 0.698854 -0.978753 -0.9507 -0.732486 -0.850007 -0.716491 0.661012 -0.901559 -0.828252 -0.692226 -0.851245 -0.872925 -0.688533 0.793933 -0.897109 -0.942131 -0.755335 -0.87151 -0.927602 -0.89419 0.567046 -0.894746 -0.931347 -0.715332 -0.7546 -0.844208 -0.708621 0.627982 -0.868476 -0.691939 0.838347 -0.812941 -0.881737 -0.780567 0.715284 -0.721619 -0.835404 0.704707 -0.769263 -0.848876 -0.76918 0.867055 -0.811978 -0.864397 -0.796988 0.839485 0.89071 0.932301 -0.8571 -0.901685 -0.845999 -0.850527 -0.919009 -0.848531 -0.916684 -0.808651 -0.936496 -0.895936 


Number of epochs: 23
