epoch 1: 
47.9044 32.9622 39.3417 37.2883 29.6447 27.9018 39.1559 38.019 37.802 37.828 
------------------------------------

epoch 2: 
41.1229 25.6803 30.4946 31.3495 22.1534 21.9015 32.1658 30.6148 30.275 32.0878 
------------------------------------

epoch 3: 
37.176 21.7254 25.9118 28.1343 19.1715 19.8783 27.7875 26.251 27.7335 28.3683 
------------------------------------

epoch 4: 
33.746 18.8456 22.7299 25.3624 17.0659 18.2248 24.3244 23.082 25.6114 25.3241 
------------------------------------

epoch 5: 
30.2986 17.0806 20.1303 22.8612 15.473 16.6983 21.313 20.8676 23.2413 22.5403 
------------------------------------

epoch 6: 
26.792 15.9901 18.125 20.6231 14.1628 15.2993 18.8794 19.2759 20.9529 20.2198 
------------------------------------

epoch 7: 
23.9516 15.258 16.5418 18.6081 13.0517 14.0576 17.0311 18.0824 19.0702 18.4175 
------------------------------------

epoch 8: 
21.5392 14.6647 15.2685 16.7693 12.2191 13.0968 15.5591 17.0342 17.5379 16.9284 
------------------------------------

epoch 9: 
19.6033 14.1446 14.1908 15.1763 11.5 12.3051 14.3665 16.0849 16.2853 15.728 
------------------------------------

epoch 10: 
18.0284 13.6662 13.2771 13.83 10.8772 11.6233 13.3802 15.2323 15.2327 14.7296 
------------------------------------

epoch 11: 
16.737 13.1956 12.4938 12.7474 10.314 11.0013 12.5491 14.4492 14.3356 13.8932 
------------------------------------

epoch 12: 
15.672 12.7043 11.8132 11.8819 9.79512 10.4193 11.8308 13.6602 13.5497 13.1815 
------------------------------------

epoch 13: 
14.7807 12.1971 11.2214 11.1696 9.31923 9.88579 11.2064 12.8073 12.8558 12.5693 
------------------------------------

-0.739732 -0.744025 0.795297 0.625058 -0.585821 -0.693663 -0.824165 -0.906915 -0.712344 -0.856674 0.701016 -0.867093 -0.732449 -0.910218 -0.780355 -0.822877 -0.863538 0.673765 -0.635169 -0.76821 -0.834305 -0.907667 -0.768049 0.624707 -0.526988 0.698074 -0.863007 -0.746539 -0.874413 -0.779155 0.607908 -0.721149 0.696942 -0.724235 -0.753134 -0.811077 0.834008 0.593513 0.741616 0.901955 0.622816 -0.841068 -0.734056 0.841686 -0.940077 -0.669949 -0.727061 0.744438 -0.878327 0.679303 0.776529 0.869668 -0.567378 0.797984 0.721958 0.639166 -0.806148 -0.881004 -0.826861 -0.929538 -0.719102 -0.907298 -0.851052 
0.885156 0.95505 0.951438 0.754813 0.777607 -0.164883 -0.272807 -0.915145 0.830276 -0.976383 -0.843012 -0.645199 0.692417 -0.986242 -0.976384 0.876585 -0.920118 -0.660055 -0.981066 0.752783 -0.938411 -0.936436 0.909495 0.791388 0.788332 0.52483 -0.0480604 -0.965771 -0.94003 0.934917 -0.843889 -0.807751 -0.882215 0.861068 -0.844892 -0.898891 0.840991 -0.866542 -0.948465 -0.897239 0.779153 -0.94085 -0.940351 0.990234 -0.941139 -0.992883 -0.602104 0.740288 -0.938211 0.977096 0.903482 0.942417 0.419339 0.632007 -0.15186 -0.176532 -0.980009 -0.943359 -0.94195 -0.912285 -0.929478 -0.918568 -0.822223 
-0.84403 -0.708761 0.849628 0.831099 0.977669 0.941668 -0.838645 -0.942357 0.705294 -0.889597 -0.959217 -0.81372 0.858331 -0.860164 0.740602 -0.828531 -0.899489 -0.642532 -0.87479 -0.929468 -0.946813 0.646546 -0.729336 -0.89921 -0.787491 -0.836886 -0.886535 -0.876316 0.62444 -0.869952 -0.907846 -0.708354 -0.336141 -0.507492 -0.484268 0.769341 -0.831083 -0.916619 -0.845011 -0.850017 -0.55923 -0.91707 -0.810414 0.744164 -0.864289 -0.897192 -0.771111 0.753367 -0.895328 -0.850874 -0.769129 0.886757 0.946651 0.740215 -0.843434 -0.80651 -0.926952 -0.938315 -0.983406 -0.883317 -0.921605 -0.896037 -0.977985 
0.917044 0.864528 0.981147 0.97368 -0.60593 -0.50663 -0.84659 -0.834322 0.923231 -0.957281 -0.872493 0.483783 -0.504145 -0.779253 -0.914891 0.955904 -0.889377 -0.953051 -0.725016 0.736746 -0.963126 -0.675464 0.827164 -0.451256 -0.629517 -0.603271 0.524953 -0.972856 -0.902919 0.826604 -0.975215 -0.655728 -0.554157 0.750712 -0.905037 -0.799034 0.84161 -0.906279 -0.970938 -0.89014 0.830727 -0.91456 -0.888094 0.865404 -0.977493 -0.980139 0.446848 -0.634511 -0.914015 0.777705 0.921733 0.948137 0.785314 -0.823017 -0.834382 -0.894129 -0.943151 -0.963491 -0.921369 -0.963541 -0.951173 -0.93709 -0.863305 
0.747012 0.894245 0.931856 0.930085 0.9184 0.889459 -0.642163 -0.9458 0.822074 -0.962923 -0.825856 -0.915022 0.899287 -0.97579 -0.846325 0.722668 -0.979746 0.701238 -0.977018 -0.720581 -0.972755 -0.941993 0.735147 0.754966 0.921775 -0.70274 -0.750889 -0.974698 -0.923999 0.833743 -0.940486 0.630355 -0.987007 -0.786403 -0.953719 -0.862353 0.832981 -0.902186 -0.801216 -0.921668 -0.76321 -0.963905 -0.90376 0.917858 -0.95626 -0.89512 -0.934112 0.466297 -0.962023 0.805996 0.951713 0.956309 0.674956 0.508815 0.265509 -0.765943 -0.970705 -0.903583 -0.958701 -0.90191 -0.988227 -0.937957 -0.949272 
0.79162 0.94211 0.963425 0.957705 0.802103 0.811508 -0.836031 -0.952466 0.865267 -0.898709 -0.871878 -0.713151 0.604353 -0.938538 -0.850147 0.864223 -0.95527 0.751029 -0.972187 -0.760831 -0.927828 -0.978258 0.833922 0.69056 0.835115 -0.795529 -0.696871 -0.982553 -0.928355 0.83478 -0.962007 0.747603 -0.992027 -0.900862 -0.964454 -0.8215 0.902512 -0.863012 -0.790814 -0.926026 -0.834886 -0.945941 -0.863644 0.599975 -0.941885 -0.689863 -0.75975 -0.634334 -0.970567 0.762771 0.977968 0.955308 0.733749 -0.465069 -0.260776 -0.80502 -0.88697 -0.903216 -0.920101 -0.866374 -0.995509 -0.924011 -0.939384 
-0.817913 -0.868795 0.771648 0.62764 0.903005 0.725968 -0.798972 -0.895461 0.770488 -0.911912 -0.796385 -0.828948 0.572752 -0.889324 0.742925 -0.88413 -0.710512 -0.886611 -0.778758 -0.860675 -0.861383 0.83677 -0.856389 -0.923901 -0.887833 -0.918598 -0.745366 -0.850736 0.729016 -0.822951 -0.873261 -0.938634 0.500454 0.636277 0.573366 0.793903 -0.796129 -0.894042 -0.917166 -0.69126 0.557743 -0.857321 -0.882397 0.861363 -0.876673 -0.983308 -0.681565 0.720076 -0.739563 -0.872835 -0.779388 0.907023 0.983247 0.84946 -0.829346 -0.798429 -0.908905 -0.975773 -0.989201 -0.96335 -0.875218 -0.852568 -0.958622 
0.874445 0.957957 0.890646 0.23 0.786404 0.390172 0.166139 -0.860567 0.578101 -0.915082 -0.899288 -0.843029 0.932314 -0.948988 -0.958085 0.893084 -0.837504 -0.637826 -0.986129 0.75589 -0.961038 -0.841957 0.931248 0.854305 0.839128 0.691986 0.57293 -0.909353 -0.858866 0.915545 -0.573019 -0.834932 -0.950987 0.878029 -0.86367 -0.671009 0.887158 -0.830689 -0.904261 -0.854383 0.855437 -0.744601 -0.826173 0.994195 -0.911952 -0.987065 -0.794283 0.889316 -0.844402 0.930242 0.702903 0.764156 -0.525359 0.846163 0.548172 0.509092 -0.992144 -0.789527 -0.962321 -0.772368 -0.66333 -0.92533 -0.90806 
-0.749555 0.626814 0.949051 0.94609 0.797324 0.766316 -0.659669 -0.796669 -0.621319 -0.8935 0.697563 -0.795449 -0.646891 -0.894847 -0.825705 -0.755601 -0.940789 0.733843 -0.844984 -0.987573 -0.759547 -0.959377 -0.831072 -0.735351 0.613992 -0.643831 -0.855298 -0.724476 -0.941583 -0.781764 -0.670974 0.804472 -0.647212 -0.903878 -0.821432 -0.807022 -0.857495 -0.778584 0.701077 -0.589954 -0.834966 -0.852446 -0.803562 -0.714989 -0.703563 0.588722 -0.936579 -0.8643 -0.949574 -0.676463 0.859104 0.916125 0.862347 0.682921 0.715298 -0.919336 -0.801702 -0.74014 -0.761894 -0.881565 -0.985431 -0.903027 -0.832156 
-0.95179 -0.883062 0.948112 0.96732 0.693646 0.84361 -0.899448 -0.859096 -0.775452 -0.828687 -0.75559 0.762399 -0.868316 -0.938072 -0.729903 -0.963567 -0.885531 -0.765013 0.682607 -0.926005 -0.850016 -0.718973 -0.930399 -0.910045 -0.937397 0.643445 -0.799061 -0.976961 -0.597196 -0.966882 -0.948919 -0.797459 0.722515 -0.882101 -0.844687 0.745337 -0.935546 -0.789444 -0.731207 0.594591 -0.722105 -0.886672 -0.886768 -0.709567 -0.88848 -0.683482 0.750154 -0.67087 -0.960228 -0.921146 0.771187 0.78976 0.78537 -0.736884 -0.828146 -0.796656 -0.896983 -0.910799 -0.836812 -0.857513 -0.996922 -0.782807 -0.885537 


Number of epochs: 13
