epoch 1: 
51.0432 45.8705 51.8565 51.6239 43.9069 45.2513 53.2611 46.3177 50.4172 53.9229 
------------------------------------

epoch 2: 
48.2304 37.5704 44.5112 44.2984 36.3814 37.6939 46.6504 40.3571 44.8925 49.126 
------------------------------------

epoch 3: 
46.7026 33.2266 40.1011 40.468 32.6619 33.8786 42.7082 37.1339 41.7659 46.3175 
------------------------------------

epoch 4: 
45.2105 30.2677 36.9179 37.8941 30.138 31.2969 39.7733 34.7584 39.4567 43.0383 
------------------------------------

epoch 5: 
43.6968 28.2229 34.8227 36.0943 28.3923 29.4926 37.8959 33.0796 38.252 42.1512 
------------------------------------

epoch 6: 
42.0663 26.5918 32.9837 34.6914 26.9564 28.0499 36.1306 31.6567 36.9132 39.037 
------------------------------------

epoch 7: 
40.4931 25.4883 31.7934 33.7179 26.0247 27.0364 35.1101 30.7136 36.6174 38.9302 
------------------------------------

epoch 8: 
38.9874 24.4515 30.501 32.845 25.0938 26.1033 33.8347 29.7595 35.7367 36.0742 
------------------------------------

epoch 9: 
37.617 23.7377 29.6442 32.2122 24.4895 25.4212 33.1115 29.13 35.8244 35.5284 
------------------------------------

epoch 10: 
36.3647 23.0381 28.6826 31.6368 23.8683 24.782 32.1721 28.4724 35.3453 33.481 
------------------------------------

epoch 11: 
35.2452 22.5186 27.9722 31.2162 23.4168 24.2788 31.5592 27.9978 35.482 32.9953 
------------------------------------

epoch 12: 
34.2147 22.0179 27.1603 30.8907 22.9491 23.8082 30.7529 27.5115 34.8855 31.1697 
------------------------------------

epoch 13: 
33.2685 21.6897 26.587 30.9474 22.6093 23.435 30.2698 27.1858 35.2972 30.7882 
------------------------------------

epoch 14: 
32.4065 21.4553 25.867 31.9517 22.1748 23.0746 29.5589 26.8687 34.4289 29.189 
------------------------------------

epoch 15: 
31.5303 21.115 25.2981 31.5128 21.754 22.6943 29.0996 26.5382 35.5263 28.9165 
------------------------------------

epoch 16: 
30.8581 20.6728 24.4734 30.8544 21.1821 22.303 28.2652 26.1254 33.5012 27.532 
------------------------------------

epoch 17: 
29.9286 20.5224 24.1475 30.3004 21.0822 22.0666 28.0389 25.9423 36.5175 27.187 
------------------------------------

epoch 18: 
29.5619 20.0704 23.2534 29.5438 20.4167 21.7183 27.1091 25.5386 33.1523 26.3334 
------------------------------------

epoch 19: 
28.6304 19.9523 23.0481 28.8439 20.1461 21.4834 26.9211 25.396 33.2903 25.4841 
------------------------------------

epoch 20: 
27.8356 20.0036 22.7499 28.1855 20.5537 21.3931 26.7078 25.5752 37.3766 25.3257 
------------------------------------

epoch 21: 
27.5877 19.4853 21.8476 27.4383 19.589 21.0459 25.7388 25.0584 32.7238 24.8667 
------------------------------------

epoch 22: 
26.7724 19.5794 21.695 26.737 19.4396 20.8603 25.593 25.7771 32.9242 23.9554 
------------------------------------

epoch 23: 
26.168 19.7062 21.3621 26.0775 19.4925 20.6309 25.2787 26.514 32.8535 23.4965 
------------------------------------

epoch 24: 
25.5796 19.5015 20.918 25.3993 19.5654 20.3731 24.8635 25.7201 34.695 23.1721 
------------------------------------

epoch 25: 
25.3872 19.083 20.2116 24.7539 18.6787 20.0747 24.1186 25.1437 31.5836 22.7959 
------------------------------------

epoch 26: 
24.6813 19.1794 19.986 24.1684 18.5779 19.8831 23.8705 25.9697 30.9658 22.2408 
------------------------------------

epoch 27: 
24.4968 18.8685 19.7142 23.5475 18.1789 19.5456 23.588 24.2561 30.2369 21.939 
------------------------------------

epoch 28: 
23.6471 19.827 19.4734 23.166 19.3299 19.6752 23.3306 27.3771 30.9479 21.6403 
------------------------------------

epoch 29: 
23.7484 18.7323 19.0389 22.4983 17.8703 19.1399 22.8832 23.9897 31.3223 21.337 
------------------------------------

epoch 30: 
23.2969 18.6598 18.4597 22.1195 17.6839 19.184 22.2328 24.1755 28.2334 20.9547 
------------------------------------

epoch 31: 
23.0215 18.6839 18.4126 21.6895 17.5423 19.0044 22.1276 25.4177 27.3798 20.642 
------------------------------------

epoch 32: 
22.6316 18.4439 18.1941 21.2099 17.7399 18.9165 21.8429 23.7589 26.5193 20.3745 
------------------------------------

epoch 33: 
22.5216 18.4571 18.1815 20.7455 18.9461 19.9285 21.5871 23.995 25.8828 20.134 
------------------------------------

epoch 34: 
21.6519 18.085 17.8714 20.2551 18.9233 19.9656 21.117 23.3972 25.0966 19.8775 
------------------------------------

epoch 35: 
21.3526 17.8342 17.6631 19.7844 18.5499 19.7228 20.7444 23.8401 24.9993 19.6218 
------------------------------------

epoch 36: 
21.1316 17.3154 17.2394 19.2888 17.9964 19.2678 20.2069 22.4936 23.7836 19.3 
------------------------------------

epoch 37: 
21.2989 17.2588 17.2227 18.9152 17.6667 18.9927 20.0268 23.3017 23.4289 19.0694 
------------------------------------

epoch 38: 
20.6453 16.6337 16.8944 18.4812 17.2651 18.4845 19.6132 21.928 22.8247 18.8189 
------------------------------------

epoch 39: 
20.1883 16.6687 16.8264 18.1642 17.1803 18.3974 19.4095 21.622 22.1548 18.5389 
------------------------------------

epoch 40: 
20.1277 16.2471 16.65 17.8259 16.8599 18.0036 19.149 21.0908 22.1217 18.3125 
------------------------------------

epoch 41: 
19.8326 16.1784 16.376 17.5154 16.6642 17.7378 18.8112 21.5313 21.2653 18.0432 
------------------------------------

epoch 42: 
20.3864 15.684 16.1877 17.161 16.2346 17.3036 18.5616 20.7595 21.1739 17.8472 
------------------------------------

epoch 43: 
19.4758 16.0711 16.1142 16.9671 16.1729 17.1457 18.4123 22.7175 20.7151 17.6266 
------------------------------------

epoch 44: 
19.5082 15.2439 15.8032 16.5911 15.7503 16.7586 18.0668 20.2136 20.112 17.3866 
------------------------------------

epoch 45: 
19.1069 16.1894 15.8671 16.4531 15.8127 16.5937 18.0729 22.6943 19.6481 17.199 
------------------------------------

epoch 46: 
19.4788 14.8257 15.6157 16.0536 15.1597 16.1151 17.7834 19.5522 19.4519 17.0324 
------------------------------------

epoch 47: 
18.942 16.1455 15.5761 15.9513 15.4702 16.0478 17.8413 22.3455 19.1349 16.8231 
------------------------------------

epoch 48: 
18.9992 14.5281 15.4774 15.5367 14.7434 15.6553 18.4454 18.807 18.6051 16.5946 
------------------------------------

epoch 49: 
19.0345 14.6654 15.4844 15.3387 14.6713 15.4522 18.1654 21.3033 18.2565 16.3769 
------------------------------------

epoch 50: 
18.694 14.0632 15.3991 15.0398 14.278 15.0726 18.2016 20.1294 17.8937 16.1944 
------------------------------------

epoch 51: 
18.6099 13.7784 15.322 14.749 14.0271 14.8209 18.0066 18.0993 17.4707 16.0023 
------------------------------------

epoch 52: 
18.5004 13.6467 15.3693 14.526 13.8077 14.6031 18.0365 17.9744 17.2126 15.8176 
------------------------------------

epoch 53: 
18.2597 13.4201 15.3839 14.3124 13.639 14.4173 18.0339 17.4997 16.8806 15.6309 
------------------------------------

epoch 54: 
17.9367 13.5942 15.3774 14.1764 13.68 14.2996 18.0123 19.3681 16.5728 15.4417 
------------------------------------

epoch 55: 
17.8861 13.121 15.2095 13.9179 13.3228 13.9796 17.8335 18.3618 16.2977 15.2946 
------------------------------------

epoch 56: 
17.8311 12.8418 15.0468 13.6876 13.0976 13.7573 17.6204 16.8685 16.0111 15.1392 
------------------------------------

epoch 57: 
17.5885 12.7135 14.9261 13.5088 12.939 13.5872 17.4151 16.5549 15.7573 14.9756 
------------------------------------

epoch 58: 
17.4229 12.6057 14.8438 13.3505 12.8159 13.4391 17.246 16.6566 15.5066 14.8177 
------------------------------------

epoch 59: 
17.2797 12.3993 14.7569 13.1735 12.6412 13.2663 17.1082 16.2887 15.2667 14.6754 
------------------------------------

epoch 60: 
17.0136 13.8252 14.7077 13.1523 13.1081 13.2037 17.0311 17.8553 15.0562 14.5306 
------------------------------------

epoch 61: 
17.0146 12.1036 14.5349 12.8633 12.3327 12.9121 16.8661 15.7327 14.8116 14.406 
------------------------------------

epoch 62: 
16.7412 12.1063 14.4163 12.7396 12.2757 12.7969 16.6301 16.8208 14.6159 14.2684 
------------------------------------

epoch 63: 
16.7527 11.8933 14.2911 12.5647 12.0954 12.6253 16.4866 15.82 14.3971 14.1378 
------------------------------------

epoch 64: 
16.5771 11.724 14.1779 12.4154 11.9389 12.4718 16.3132 15.2728 14.2092 14.011 
------------------------------------

epoch 65: 
16.4084 11.8898 14.1122 12.3338 12.029 12.3966 16.2111 16.549 14.0254 13.9037 
------------------------------------

epoch 66: 
16.439 11.6382 13.9882 12.1883 11.8938 12.2395 16.0914 16.1776 13.8351 13.9047 
------------------------------------

epoch 67: 
16.2701 11.4319 13.8232 12.0304 11.7016 11.9816 15.8929 15.8142 13.6902 13.9278 
------------------------------------

epoch 68: 
16.5494 11.2996 13.7294 11.897 11.6263 11.9185 15.7993 15.4977 13.4776 13.8832 
------------------------------------

epoch 69: 
16.2372 11.1316 13.5793 11.7696 11.7548 11.8398 15.6259 15.1172 13.3803 14.0151 
------------------------------------

epoch 70: 
16.0173 10.9929 13.5565 11.6635 11.5386 11.7596 15.5426 14.653 13.1781 14.7945 
------------------------------------

epoch 71: 
15.9158 10.7907 13.3669 11.499 11.4167 11.4044 15.3475 14.132 13.1538 13.4721 
------------------------------------

epoch 72: 
15.5695 10.7724 13.2885 11.3753 11.2823 11.4351 15.2948 13.9648 13.0425 13.2321 
------------------------------------

epoch 73: 
15.7821 10.6889 13.2335 11.2986 11.1259 11.3856 15.1465 13.9377 12.8694 13.7443 
------------------------------------

epoch 74: 
15.5905 10.5351 13.0876 11.1785 10.9154 11.1227 14.9904 13.6375 12.798 13.477 
------------------------------------

epoch 75: 
15.1109 10.5717 13.0864 11.1169 11.082 11.2464 14.9598 13.6645 12.5898 13.8254 
------------------------------------

epoch 76: 
15.0316 10.3791 12.9253 10.9835 10.9155 10.9541 14.7444 13.4176 12.5521 12.5774 
------------------------------------

epoch 77: 
14.8835 10.4177 12.8599 10.9009 10.8382 10.9607 14.7035 13.4513 12.4202 12.8687 
------------------------------------

epoch 78: 
15.2141 10.2787 12.824 10.8445 10.8835 10.9974 14.562 13.2189 12.2485 13.7493 
------------------------------------

epoch 79: 
15.004 10.2315 12.6553 10.7415 10.8803 10.707 14.3837 13.1814 12.2312 12.3676 
------------------------------------

epoch 80: 
14.505 10.2319 12.6076 10.6539 11.1514 10.8507 14.4347 13.0724 12.0835 12.3992 
------------------------------------

epoch 81: 
14.2546 10.1606 12.5681 10.6111 10.9845 10.7665 14.181 13.0318 11.98 13.1535 
------------------------------------

epoch 82: 
14.2298 9.96959 12.414 10.4888 10.276 10.4581 14.129 12.8165 11.9734 12.0437 
------------------------------------

epoch 83: 
14.0341 10.0133 12.3489 10.4223 10.3016 10.4206 14.0321 12.7611 11.8252 11.9624 
------------------------------------

epoch 84: 
13.9468 9.85914 12.2461 10.3372 10.2277 10.2845 13.8852 12.6513 11.715 12.0197 
------------------------------------

epoch 85: 
14.215 9.95919 12.1915 10.2888 10.3411 10.3021 13.8127 12.5746 11.5869 12.2268 
------------------------------------

epoch 86: 
13.982 9.80807 12.066 10.214 10.1528 10.1283 13.6748 12.4633 11.5226 12.0306 
------------------------------------

epoch 87: 
13.6017 9.93577 12.0225 10.1565 10.2652 10.1419 13.6438 12.4046 11.386 12.4679 
------------------------------------

epoch 88: 
13.5533 9.84974 11.8821 10.068 10.5429 9.94732 13.4422 12.3398 11.3561 11.8405 
------------------------------------

epoch 89: 
13.7668 9.89044 11.8342 10.0165 10.871 10.0614 13.4469 12.3322 11.2521 11.4339 
------------------------------------

epoch 90: 
13.4303 9.87902 11.7705 9.99774 10.3885 9.94693 13.2083 12.2432 11.1812 13.0575 
------------------------------------

epoch 91: 
13.2824 9.73539 11.6252 9.88186 10.3204 9.70089 13.2396 12.1656 11.1966 12.1726 
------------------------------------

epoch 92: 
13.1827 9.59185 11.5397 9.80208 10.3092 9.72776 13.0576 12.1367 11.1673 11.3653 
------------------------------------

epoch 93: 
13.1328 9.71351 11.4161 9.73845 10.0966 9.53863 12.8638 12.0517 11.1201 11.1749 
------------------------------------

epoch 94: 
13.0544 9.67623 11.384 9.68065 10.077 9.5314 13.0208 11.9977 11.0117 11.1632 
------------------------------------

epoch 95: 
12.9363 9.49587 11.2487 9.62241 10.0423 9.37497 12.6391 11.9157 10.9388 11.0357 
------------------------------------

epoch 96: 
12.9635 9.5754 11.2295 9.56335 10.0273 9.37956 12.7786 11.8731 10.8403 11.0228 
------------------------------------

epoch 97: 
12.8187 9.49894 11.0931 9.51367 10.0371 9.23674 12.4674 11.8026 10.7733 10.8515 
------------------------------------

epoch 98: 
12.7431 9.55361 11.1117 9.4509 9.96721 9.22288 12.6584 11.7584 10.6804 10.7921 
------------------------------------

epoch 99: 
12.626 9.34792 10.9915 9.40733 9.93758 9.1089 12.2449 11.6865 10.6029 10.7115 
------------------------------------

epoch 100: 
12.6694 9.52943 11.0512 9.34361 9.86481 9.09452 12.6524 11.6404 10.5266 10.6544 
------------------------------------

epoch 101: 
12.522 9.26562 11.0242 9.30806 9.86002 9.00258 12.0245 11.5683 10.4465 10.6391 
------------------------------------

epoch 102: 
12.6205 9.58696 10.9849 9.24896 9.82388 9.04061 12.8 11.5261 10.3909 10.5505 
------------------------------------

epoch 103: 
12.3445 9.20744 11.0236 9.20929 9.81908 8.90541 11.7785 11.4556 10.2998 10.5107 
------------------------------------

epoch 104: 
12.4154 9.56026 11.0747 9.15948 10.1037 9.14119 12.6692 11.4325 10.2549 10.4658 
------------------------------------

epoch 105: 
12.2318 9.19612 11.3174 9.1438 9.80182 8.91282 11.6441 11.3789 10.1802 10.9573 
------------------------------------

epoch 106: 
12.4055 9.29868 11.1056 9.06321 9.77181 9.08897 12.3815 11.3083 10.1596 11.1517 
------------------------------------

epoch 107: 
12.7908 9.31896 11.3332 9.06716 10.3035 9.09315 11.6065 11.3444 10.0552 11.2257 
------------------------------------

epoch 108: 
12.3506 9.01633 10.9719 9.0098 9.53046 9.11405 12.1849 11.1872 10.0352 10.2416 
------------------------------------

epoch 109: 
12.0146 9.14001 11.1326 8.98154 10.0137 8.99564 11.4843 11.2758 9.94782 10.6928 
------------------------------------

epoch 110: 
11.8065 8.98379 10.9897 8.96534 9.37988 9.32568 12.109 11.1584 9.87419 12.1869 
------------------------------------

epoch 111: 
11.8166 8.75353 11.1673 8.91416 9.25191 8.84589 11.2138 11.0729 9.94093 11.1479 
------------------------------------

epoch 112: 
11.6562 8.96659 10.5158 8.85523 9.69721 9.1588 11.9531 11.1342 9.94071 10.3775 
------------------------------------

epoch 113: 
11.6218 9.57111 10.7342 8.82657 9.46282 8.83013 11.0789 11.1496 9.94561 10.2669 
------------------------------------

epoch 114: 
11.5662 20.9016 10.6094 9.45029 16.3013 9.80816 11.9742 12.0055 9.76133 11.1482 
------------------------------------

epoch 115: 
11.6024 12.6303 10.6935 8.75964 8.58781 8.28294 11.4238 11.6993 9.74517 9.82343 
------------------------------------

epoch 116: 
11.4554 8.54752 10.5919 8.66482 8.68122 8.54713 10.891 11.7621 9.64289 10.1025 
------------------------------------

epoch 117: 
11.9076 8.43234 10.6057 8.6393 8.48632 9.03589 11.143 11.5756 9.59335 11.5098 
------------------------------------

epoch 118: 
11.908 8.2452 10.4935 8.54798 8.17497 8.54982 11.7604 11.3958 9.56749 10.0147 
------------------------------------

epoch 119: 
11.4414 8.19419 10.4345 8.47234 8.21923 8.69953 10.5956 11.2947 9.51299 9.79689 
------------------------------------

epoch 120: 
11.3557 8.27929 10.4434 8.42969 8.00359 9.55757 11.2092 11.1479 9.43183 10.8145 
------------------------------------

epoch 121: 
11.4233 8.01121 10.521 8.39936 8.04088 8.63089 11.0993 10.9638 9.42269 9.57808 
------------------------------------

epoch 122: 
11.3175 8.06516 10.4642 8.33708 8.14518 9.06387 10.4819 10.8074 9.32124 9.6332 
------------------------------------

epoch 123: 
11.7407 8.30935 10.447 8.34232 7.90002 9.38486 11.1273 10.5276 9.29676 10.9543 
------------------------------------

epoch 124: 
11.3433 8.19975 10.3653 8.28602 7.68612 9.61866 10.8588 10.2797 9.28087 9.44376 
------------------------------------

epoch 125: 
11.1748 7.95331 10.2941 8.26815 7.58465 9.13951 11.0149 10.2104 9.22537 9.49272 
------------------------------------

epoch 126: 
11.2079 7.90891 10.3928 8.24643 7.48355 9.31974 10.4521 10.1573 9.12602 10.1484 
------------------------------------

epoch 127: 
11.386 7.94184 10.2239 8.21658 7.49887 9.16662 11.0549 10.0913 9.1318 9.73468 
------------------------------------

epoch 128: 
11.2832 7.93863 10.2987 8.18234 7.51668 9.34565 10.6484 10.0502 9.01304 9.97126 
------------------------------------

epoch 129: 
11.2116 7.83337 10.0662 8.1682 7.35539 10.0623 10.2517 9.98631 9.01426 9.43404 
------------------------------------

epoch 130: 
10.83 7.59251 10.0676 8.15891 7.19676 8.45871 10.1333 9.92075 8.88872 9.97333 
------------------------------------

epoch 131: 
10.8631 7.58776 10.0366 8.06931 7.31815 8.48162 10.1706 9.8944 8.89954 9.63276 
------------------------------------

epoch 132: 
10.8103 8.28938 10.2697 8.03002 7.50204 10.171 10.1991 9.88427 8.81444 10.2093 
------------------------------------

epoch 133: 
10.8302 7.84424 10.0709 8.01739 7.46532 11.4206 10.7823 9.82127 8.86151 9.39413 
------------------------------------

epoch 134: 
10.8058 7.53377 9.95067 8.0495 7.2636 8.38597 9.8856 9.75522 8.7217 9.66476 
------------------------------------

epoch 135: 
10.607 7.46189 9.90223 7.95623 7.20397 8.25084 10.5209 9.70517 8.71872 9.33077 
------------------------------------

epoch 136: 
10.4216 7.40912 10.2663 7.893 7.40894 8.21503 9.75865 9.67599 8.62508 9.87224 
------------------------------------

epoch 137: 
10.7394 7.34582 9.91105 7.81257 7.44565 8.11055 10.3655 9.63944 8.66287 9.37693 
------------------------------------

epoch 138: 
10.3822 7.31397 10.053 7.76213 7.58256 8.12375 9.79614 9.62461 8.56981 9.67529 
------------------------------------

epoch 139: 
10.5852 7.48109 9.75159 7.71279 7.60116 8.56859 9.59898 9.59601 8.5923 9.37866 
------------------------------------

epoch 140: 
10.3157 7.96114 9.84394 7.70023 7.63728 9.6399 10.4309 9.64299 8.51331 9.65423 
------------------------------------

epoch 141: 
10.3365 7.30072 9.69681 7.70391 7.43463 9.42956 9.98129 9.54534 8.53245 9.34627 
------------------------------------

epoch 142: 
10.2351 7.24298 9.85914 7.71413 7.35254 8.13189 10.0788 9.65446 8.41841 9.9594 
------------------------------------

epoch 143: 
10.1967 7.2128 9.57915 7.65224 7.34725 8.02829 9.57933 9.42082 8.43942 9.16864 
------------------------------------

epoch 144: 
10.1224 7.15409 9.63262 7.60006 7.59708 8.15713 9.45617 9.48051 8.37635 9.36531 
------------------------------------

epoch 145: 
10.5263 7.48562 9.62702 7.55413 7.28109 10.3395 9.2074 9.42225 8.42351 9.19956 
------------------------------------

epoch 146: 
10.2874 7.08731 9.85159 7.57198 7.10798 8.0643 9.20414 9.57895 8.31055 10.1262 
------------------------------------

epoch 147: 
10.0156 7.17585 9.64877 7.51008 7.17227 8.26359 9.59672 9.26787 8.35928 8.59778 
------------------------------------

epoch 148: 
9.87997 7.29075 10.0145 7.49377 7.11112 9.08543 9.15501 9.26332 8.28472 9.10745 
------------------------------------

epoch 149: 
9.93155 7.1653 9.54551 7.48708 7.26306 8.48196 9.39397 9.2576 8.29186 9.03055 
------------------------------------

epoch 150: 
9.78367 7.29129 9.92329 7.47914 7.38315 8.90808 9.75799 9.38741 8.2118 9.08613 
------------------------------------

epoch 151: 
9.85118 7.09697 9.43159 7.47327 6.89787 8.68412 9.0851 9.22845 8.23316 8.89633 
------------------------------------

epoch 152: 
9.79497 7.11395 9.67089 7.47309 6.87403 8.50683 10.072 9.43452 8.15598 9.97016 
------------------------------------

epoch 153: 
9.75023 6.96424 9.2827 7.45066 6.99477 8.23355 9.04528 9.07584 8.17986 8.33801 
------------------------------------

epoch 154: 
9.80542 7.2565 9.4086 7.41004 7.00816 9.60241 8.92262 9.10386 8.13837 8.44098 
------------------------------------

epoch 155: 
9.79938 6.9166 9.26785 7.4308 6.75301 8.05346 8.78815 9.07544 8.10662 9.50544 
------------------------------------

epoch 156: 
10.635 8.47995 9.75469 7.37311 6.86692 12.1913 9.36928 9.29902 8.12387 8.59236 
------------------------------------

epoch 157: 
9.79686 6.90821 9.19645 7.39252 6.69211 8.03064 8.70667 8.9711 8.0498 8.93938 
------------------------------------

epoch 158: 
9.58907 6.96002 9.75228 7.31831 6.66914 8.16051 9.59742 9.0689 8.02969 8.69936 
------------------------------------

epoch 159: 
9.60067 6.86788 9.0224 7.3312 6.81884 8.2073 8.83043 9.03587 7.9818 9.67264 
------------------------------------

epoch 160: 
9.4632 6.94269 9.49135 7.29133 6.71483 8.55488 8.70702 9.39137 8.00024 8.10819 
------------------------------------

epoch 161: 
9.41329 6.88846 9.10703 7.29021 6.74209 8.12767 8.491 8.866 7.97467 8.09404 
------------------------------------

epoch 162: 
9.28175 8.2044 9.77667 7.27213 6.58132 11.2358 9.0779 8.88863 7.94187 8.2958 
------------------------------------

epoch 163: 
9.33264 6.81463 9.03385 7.30433 6.51298 7.79218 8.44517 9 7.92838 8.26794 
------------------------------------

epoch 164: 
9.20615 6.69906 9.99283 7.25832 6.66915 11.4794 8.70404 8.88904 7.87903 8.96487 
------------------------------------

epoch 165: 
9.34509 6.83258 8.8257 11.0814 6.57038 7.94996 8.5126 9.20859 7.88326 8.67658 
------------------------------------

epoch 166: 
9.1388 6.73274 10.1006 7.09387 6.96765 7.80479 9.22225 8.74743 7.79699 8.73393 
------------------------------------

epoch 167: 
9.17312 6.7335 8.51829 7.05663 6.67253 7.70507 8.41305 8.72468 7.83662 8.44168 
------------------------------------

epoch 168: 
9.07446 6.69941 9.88942 7.03436 6.82284 7.63178 8.32471 8.71055 7.77891 9.53591 
------------------------------------

epoch 169: 
9.32396 7.11726 8.61035 6.9939 6.73462 7.49231 8.12048 8.7621 7.83769 7.86581 
------------------------------------

epoch 170: 
9.04842 7.56028 9.98872 6.96732 6.73424 7.3929 8.66049 8.97658 7.78387 7.87613 
------------------------------------

epoch 171: 
9.05435 6.67694 8.16029 6.99081 6.78498 7.3861 8.56241 8.70586 7.76391 8.24996 
------------------------------------

epoch 172: 
9.00482 6.66705 9.81581 6.94849 6.8834 7.3194 8.1466 8.93054 7.73016 8.10654 
------------------------------------

epoch 173: 
9.17533 7.55222 8.06556 6.94183 7.03194 7.30852 8.03123 8.65178 7.71466 8.51365 
------------------------------------

epoch 174: 
9.03424 6.73058 9.60603 6.93531 6.81939 7.23802 8.24836 8.79677 7.70286 8.13887 
------------------------------------

epoch 175: 
9.1258 7.05979 8.07019 6.94132 6.85134 7.94556 7.87532 8.63556 7.67095 8.92977 
------------------------------------

epoch 176: 
9.34739 7.39187 9.66114 6.9297 7.14412 10.3492 8.15934 8.93193 7.67272 7.94985 
------------------------------------

epoch 177: 
9.13683 6.67412 7.90979 6.95292 7.03879 7.375 7.7626 8.47063 7.63241 7.71198 
------------------------------------

epoch 178: 
8.88766 6.58683 9.57767 6.91476 6.80112 7.28589 8.38433 8.45081 7.60753 8.11401 
------------------------------------

epoch 179: 
8.9492 6.57619 7.83283 6.89197 6.54763 7.34619 7.9461 8.46948 7.6179 7.89041 
------------------------------------

epoch 180: 
8.82114 6.73118 9.47239 6.87591 6.54642 8.94616 7.88319 8.59765 7.56178 8.52318 
------------------------------------

epoch 181: 
8.8899 6.60651 7.89685 6.88294 6.71882 7.49851 7.74954 8.51966 7.58409 8.08617 
------------------------------------

epoch 182: 
8.79852 6.58761 9.69152 6.83997 6.97739 7.36662 7.73261 8.95295 7.52645 7.74714 
------------------------------------

epoch 183: 
9.00063 6.52695 7.7545 6.80901 6.77707 7.2405 7.51667 8.34344 7.56009 7.59012 
------------------------------------

epoch 184: 
8.89544 7.40339 9.1628 6.77994 6.57738 10.2217 7.41868 8.39474 7.54079 7.56334 
------------------------------------

epoch 185: 
8.74426 6.55866 8.0018 6.79981 6.33955 9.13833 7.31874 8.62825 7.52977 7.65602 
------------------------------------

epoch 186: 
8.78338 6.52429 9.83222 6.81304 6.21575 7.54317 7.45721 8.22951 7.48034 7.57398 
------------------------------------

epoch 187: 
8.76454 6.54461 7.86599 6.7707 6.48338 7.43464 7.29882 8.287 7.47477 7.66314 
------------------------------------

epoch 188: 
8.67714 6.48498 7.77616 6.72275 6.36249 7.34105 7.21625 8.32648 7.45329 7.50918 
------------------------------------

epoch 189: 
8.61027 6.45999 8.07985 6.67727 6.42357 7.26517 7.15895 8.69281 7.41477 7.55855 
------------------------------------

epoch 190: 
8.63588 6.41584 7.75347 6.6347 6.49196 7.18125 7.0769 8.1306 7.3906 7.52228 
------------------------------------

epoch 191: 
8.59053 6.37984 9.32159 6.59712 6.55542 7.11611 7.06537 8.14559 7.34377 7.71146 
------------------------------------

epoch 192: 
8.66954 6.3863 7.87265 6.5575 6.65544 7.05436 6.94164 8.25073 7.35223 7.67458 
------------------------------------

epoch 193: 
8.64252 6.34979 9.92112 6.53052 6.69879 7.00306 6.96763 8.19316 7.2997 8.02896 
------------------------------------

epoch 194: 
8.8812 6.3668 8.00731 6.49585 6.8339 6.94825 6.8173 8.52358 7.32844 7.81036 
------------------------------------

epoch 195: 
8.65284 6.35272 7.6599 6.47912 6.84768 6.90967 6.77525 8.014 7.28525 8.09293 
------------------------------------

epoch 196: 
8.77005 6.29826 9.13771 6.43954 6.91809 6.85572 6.77717 8.00565 7.26916 7.75732 
------------------------------------

epoch 197: 
8.49818 6.32881 7.66798 6.42724 6.97805 6.82066 6.78504 8.03059 7.24757 7.92661 
------------------------------------

epoch 198: 
8.67756 6.28438 9.5142 6.39348 6.70721 6.75212 7.01808 8.06809 7.23341 7.78996 
------------------------------------

epoch 199: 
8.50676 6.36784 7.6378 6.39664 6.72389 6.73797 6.86836 8.30466 7.21417 8.82154 
------------------------------------

epoch 200: 
8.75843 6.74271 7.46251 6.37774 7.44066 7.46403 6.77326 7.98763 7.22306 7.63284 
------------------------------------

epoch 201: 
8.55046 6.6074 7.7778 6.38757 7.23642 7.49826 6.82639 8.09575 7.17289 7.37777 
------------------------------------

epoch 202: 
8.49174 6.49251 7.48246 6.44281 7.07621 7.88399 6.92569 8.09775 7.15566 9.22623 
------------------------------------

epoch 203: 
8.41425 6.25078 8.88699 6.4276 6.78235 6.94907 6.88667 8.47347 7.18881 7.63255 
------------------------------------

epoch 204: 
8.49254 6.41743 7.50061 6.40455 6.55925 8.25037 6.66142 7.89552 7.21522 7.47206 
------------------------------------

epoch 205: 
8.3612 6.20242 9.57642 6.4317 6.38287 7.1343 6.69144 7.89659 7.16485 8.52358 
------------------------------------

epoch 206: 
8.58638 6.33597 7.75167 6.38823 6.11895 7.28996 6.81412 8.04563 7.22164 7.35646 
------------------------------------

epoch 207: 
8.327 6.5121 7.33128 6.39437 6.08836 8.30311 6.80179 7.9448 7.17466 8.2236 
------------------------------------

epoch 208: 
8.32419 6.20417 9.13995 6.38889 6.11243 7.22526 6.8593 8.24278 7.1627 7.2414 
------------------------------------

epoch 209: 
8.31689 6.28228 7.36231 6.39064 6.1588 7.54071 6.73573 7.78849 7.14301 7.33704 
------------------------------------

epoch 210: 
8.32727 6.1812 7.09472 6.38417 5.84932 7.06811 6.76351 7.76759 7.12702 7.12657 
------------------------------------

epoch 211: 
8.29384 6.48414 8.14744 6.3681 5.87182 9.5772 6.57464 7.78426 7.08214 7.58605 
------------------------------------

epoch 212: 
8.25347 6.2194 7.33821 6.37787 5.79716 7.33454 6.57596 7.81977 7.07779 7.39264 
------------------------------------

epoch 213: 
8.25065 6.14526 9.37062 6.34271 6.06587 7.07437 6.54594 7.86806 7.02001 7.76399 
------------------------------------

epoch 214: 
9.21585 6.45472 7.91334 6.30246 5.89381 8.14911 6.55853 8.24749 7.06511 7.34554 
------------------------------------

epoch 215: 
8.49432 6.29874 7.19717 6.3057 5.87665 8.5336 6.48466 7.68213 7.02233 8.12678 
------------------------------------

epoch 216: 
8.31333 6.16394 9.00917 6.30838 5.79599 7.21506 6.4046 7.69423 7.00703 7.40426 
------------------------------------

epoch 217: 
8.2275 6.14975 7.56566 6.28486 6.10032 6.96997 6.4505 7.76548 6.9872 7.98187 
------------------------------------

epoch 218: 
8.17957 6.13723 7.07108 6.24377 5.88243 6.93214 6.33113 7.84071 7.00171 7.29785 
------------------------------------

epoch 219: 
8.03571 6.38544 8.93508 6.25214 5.87762 7.90747 6.58422 8.25167 6.947 8.41044 
------------------------------------

epoch 220: 
8.11564 6.14169 7.19746 6.25651 5.94169 7.14794 6.51639 7.64525 6.98637 6.86374 
------------------------------------

epoch 221: 
8.03787 6.11277 6.88492 6.24959 5.89994 6.89944 6.50449 7.70416 6.94578 6.84013 
------------------------------------

epoch 222: 
8.01235 6.35253 8.01023 6.23922 5.73357 8.45253 6.3255 7.90377 6.91714 7.08204 
------------------------------------

epoch 223: 
8.01444 6.07467 6.9665 6.24859 5.58003 7.01317 6.23728 7.65435 6.91045 6.91718 
------------------------------------

epoch 224: 
8.10486 6.64338 8.808 6.21383 5.7336 9.6277 6.546 7.86443 6.87018 7.14965 
------------------------------------

epoch 225: 
7.98779 6.06319 7.14288 6.22803 5.57118 6.92656 6.24372 7.61734 6.8773 6.98922 
------------------------------------

epoch 226: 
8.00605 6.32179 6.79268 6.2011 5.76211 9.69727 6.21431 7.81826 6.84408 7.4377 
------------------------------------

epoch 227: 
7.98558 6.12389 7.97332 6.21667 5.50978 7.2519 6.28797 7.57421 6.82833 7.17362 
------------------------------------

epoch 228: 
7.96645 6.12086 6.85615 6.185 5.8235 7.10995 6.16693 7.77119 6.79821 7.86743 
------------------------------------

epoch 229: 
7.96568 6.04932 8.38066 6.13272 5.68316 6.97754 6.11864 7.54789 6.8004 7.09803 
------------------------------------

epoch 230: 
7.87608 6.04866 6.79855 6.10942 5.88668 6.84683 6.0671 7.74193 6.78126 7.94331 
------------------------------------

epoch 231: 
8.05549 5.98027 7.11897 6.0629 5.89417 6.69397 6.21078 7.51563 6.78962 6.78797 
------------------------------------

epoch 232: 
7.82084 5.96353 6.76553 6.03336 5.97389 6.4976 6.22062 7.69312 6.75313 6.96801 
------------------------------------

epoch 233: 
7.92432 5.96818 8.18035 6.00435 5.98783 6.63258 6.06373 7.50428 6.73333 6.74902 
------------------------------------

epoch 234: 
7.84073 6.10696 6.68387 6.00385 5.90882 7.19546 6.03821 7.71869 6.71171 7.02011 
------------------------------------

epoch 235: 
7.82272 5.91791 7.74152 6.00644 5.89228 6.48067 6.04747 7.42588 6.68557 6.74745 
------------------------------------

epoch 236: 
7.95662 6.65 6.79026 5.99248 5.96481 9.67165 6.11752 7.5591 6.6689 6.77546 
------------------------------------

epoch 237: 
7.74386 5.89367 8.57935 6.0098 5.61908 6.72158 6.05936 7.46508 6.64161 6.59703 
------------------------------------

epoch 238: 
7.79269 5.92029 6.96898 6.00767 5.54901 6.58992 6.11805 7.74441 6.63646 6.94541 
------------------------------------

epoch 239: 
7.91111 6.06271 6.59888 5.98955 5.58834 8.16313 6.00074 7.31141 6.6272 6.83613 
------------------------------------

epoch 240: 
7.97908 5.9797 8.0123 6.00491 5.49117 7.01366 5.97001 7.3002 6.57728 7.25916 
------------------------------------

epoch 241: 
7.7513 5.92712 6.57436 5.96076 5.5186 6.77641 5.89192 7.33754 6.58627 6.80134 
------------------------------------

epoch 242: 
7.73301 5.87378 7.86855 5.93518 5.66691 6.42627 6.11175 7.4443 6.54815 7.46302 
------------------------------------

epoch 243: 
7.75162 6.07631 6.5578 5.90909 5.80718 8.0179 5.88026 7.41589 6.57024 7.01762 
------------------------------------

epoch 244: 
7.73682 5.94275 8.18042 5.93088 5.77531 6.80219 5.99243 7.72156 6.51858 7.28853 
------------------------------------

epoch 245: 
7.67894 5.8664 6.50415 5.89456 5.57736 6.52423 5.82535 7.23063 6.54514 6.83424 
------------------------------------

epoch 246: 
7.7844 6.11379 7.04669 5.87894 5.70705 7.11443 5.81438 7.23175 6.51212 7.70934 
------------------------------------

epoch 247: 
7.59284 5.88639 6.62455 5.87117 5.85391 6.46306 5.78459 7.22412 6.52146 6.7222 
------------------------------------

epoch 248: 
7.59778 6.31875 8.53074 5.86911 5.91498 7.91848 6.00883 7.2327 6.47967 6.56343 
------------------------------------

epoch 249: 
7.60476 5.99326 6.96105 5.88552 5.58232 8.41043 5.93893 7.23574 6.49978 6.44633 
------------------------------------

epoch 250: 
7.61972 5.92886 6.52784 5.90419 5.29831 6.98326 5.73537 7.24277 6.47952 6.51679 
------------------------------------

epoch 251: 
7.50111 5.88156 8.21183 5.85996 5.40453 6.8365 5.71811 7.31342 6.45126 6.42253 
------------------------------------

epoch 252: 
7.48421 5.87756 6.63155 5.82874 5.53239 6.69604 5.71744 7.61944 6.44655 6.74649 
------------------------------------

epoch 253: 
7.58977 5.82479 6.39197 5.79167 5.61725 6.55549 5.82673 7.14438 6.43733 6.65535 
------------------------------------

epoch 254: 
7.47838 5.79449 7.14762 5.76826 5.75298 6.39465 5.83787 7.14009 6.39932 7.11289 
------------------------------------

epoch 255: 
7.66116 5.7541 6.51695 5.73413 5.84469 6.13924 5.66644 7.16829 6.4073 6.79867 
------------------------------------

epoch 256: 
7.50758 6.01742 8.47354 5.72215 5.92284 7.19001 5.90612 7.24611 6.36877 7.11146 
------------------------------------

epoch 257: 
7.50783 5.75611 7.04471 5.73239 5.7976 6.12472 5.78156 7.26681 6.38415 6.65641 
------------------------------------

epoch 258: 
7.48362 6.03871 6.38249 5.72767 5.89081 8.10666 5.67202 7.62605 6.35752 6.71414 
------------------------------------

epoch 259: 
7.40064 5.78175 7.98375 5.74503 5.41906 6.5106 5.62903 7.05327 6.33976 6.43772 
------------------------------------

epoch 260: 
7.55044 5.74293 6.42452 5.72571 5.54658 6.14298 5.72582 7.06106 6.3361 7.19483 
------------------------------------

epoch 261: 
7.52904 6.081 6.21959 5.70236 5.75659 8.82719 5.61928 7.05932 6.341 6.83067 
------------------------------------

epoch 262: 
7.75814 5.82741 6.75774 5.73115 5.74086 6.70193 5.62791 7.07827 6.29224 6.82312 
------------------------------------

epoch 263: 
7.35697 5.77569 6.34066 5.69365 5.43505 6.56712 5.51376 7.13783 6.29361 6.2523 
------------------------------------

epoch 264: 
7.34303 5.71018 8.02516 5.66373 5.49446 6.37811 5.55139 7.18805 6.26714 6.34659 
------------------------------------

epoch 265: 
7.41455 5.6934 6.38907 5.6332 5.57268 6.0598 5.66449 7.56148 6.2735 6.28112 
------------------------------------

epoch 266: 
7.31505 5.83755 6.20552 5.62331 5.59122 6.85838 5.48841 6.98923 6.24621 6.55497 
------------------------------------

epoch 267: 
7.27501 5.65863 6.62298 5.62575 5.75061 6.11859 5.46894 6.99075 6.22332 6.44531 
------------------------------------

epoch 268: 
7.34735 6.34529 6.26691 5.6115 5.99686 8.65932 5.63226 7.02882 6.20381 6.28167 
------------------------------------

epoch 269: 
7.1935 5.63049 7.80098 5.62935 5.62177 6.12141 5.52556 7.06297 6.18774 6.18773 
------------------------------------

epoch 270: 
7.25131 5.77153 6.16305 5.6309 5.35046 7.12231 5.6126 7.27545 6.19051 6.93183 
------------------------------------

epoch 271: 
7.20075 5.65345 6.62776 5.63406 5.40821 6.50626 5.44567 6.98019 6.18167 6.83997 
------------------------------------

epoch 272: 
7.27452 5.66505 6.24207 5.6166 5.76404 6.18846 5.55375 7.10602 6.153 7.0384 
------------------------------------

epoch 273: 
7.44715 5.82959 7.89074 5.60523 5.32435 7.07243 5.61214 7.05201 6.16332 6.77012 
------------------------------------

epoch 274: 
7.35367 5.60713 6.21784 5.6342 5.27754 6.18013 5.47141 7.35888 6.14876 8.33209 
------------------------------------

epoch 275: 
7.32372 6.17558 6.08992 5.61242 5.25448 9.55727 5.39325 6.8881 6.17973 6.21768 
------------------------------------

epoch 276: 
7.23146 5.68118 6.26125 5.62398 5.08642 6.74261 5.49414 6.87303 6.15449 6.35953 
------------------------------------

epoch 277: 
7.10492 5.60959 6.10136 5.60227 5.27566 6.44833 5.39179 6.89194 6.12601 7.47798 
------------------------------------

epoch 278: 
7.20063 5.60863 6.78005 5.55949 5.27086 6.28922 5.33112 6.93042 6.14425 6.10713 
------------------------------------

epoch 279: 
7.0402 5.67369 6.30877 5.55934 5.26363 6.54609 5.35854 7.01249 6.11527 6.32577 
------------------------------------

epoch 280: 
7.03534 5.55724 8.34795 5.55566 5.14563 6.09675 5.44416 7.33348 6.09954 6.13342 
------------------------------------

epoch 281: 
7.07622 6.12815 7.13443 5.55852 5.23658 8.63569 5.38845 6.84145 6.09646 6.45189 
------------------------------------

epoch 282: 
7.03583 5.53767 6.13762 5.56774 5.03843 6.30381 5.29454 6.8323 6.10015 6.20743 
------------------------------------

epoch 283: 
7.00018 5.52123 8.0022 5.56946 5.05951 6.11337 5.37983 6.8658 6.06261 6.71242 
------------------------------------

epoch 284: 
7.22681 6.00915 6.39276 5.54599 5.03825 10.0782 5.25448 6.97324 6.09135 6.34505 
------------------------------------

epoch 285: 
7.3062 5.69402 6.03198 5.5835 5.01326 6.88109 5.39891 6.95254 6.05995 6.83219 
------------------------------------

epoch 286: 
7.11405 5.65999 7.5304 5.53455 4.98296 6.74177 5.38887 7.30663 6.05621 6.35835 
------------------------------------

epoch 287: 
7.0895 5.64587 6.00814 5.51746 5.301 6.59047 5.30052 6.76503 6.04056 7.23701 
------------------------------------

epoch 288: 
7.01309 5.60656 6.26665 5.47273 5.2084 6.48569 5.25495 6.76339 6.05478 6.16661 
------------------------------------

epoch 289: 
6.9253 5.58974 6.01124 5.44954 5.45188 6.3613 5.20244 6.76566 6.0271 6.66318 
------------------------------------

epoch 290: 
6.88873 5.5556 7.07967 5.41075 5.40444 6.28615 5.17908 6.75582 6.03005 6.20011 
------------------------------------

epoch 291: 
6.83181 5.55546 6.11003 5.39365 5.65779 6.17788 5.10887 6.77803 6.01168 6.67574 
------------------------------------

epoch 292: 
6.86682 5.52451 7.85755 5.35802 5.52422 6.1309 5.10859 6.79033 6.01542 6.14722 
------------------------------------

epoch 293: 
6.81989 5.53503 6.32022 5.34603 5.73205 6.03903 5.03513 6.8984 6.00764 6.66065 
------------------------------------

epoch 294: 
6.88278 5.51829 5.99084 5.31356 5.74376 6.008 4.99376 7.22864 6.01515 6.10235 
------------------------------------

epoch 295: 
6.78902 5.50338 7.44328 5.30172 5.97683 5.92635 5.02169 6.71601 5.98281 6.15012 
------------------------------------

epoch 296: 
6.86877 5.49298 5.9263 5.27587 5.6583 5.90176 5.02847 6.70826 5.99459 5.85501 
------------------------------------

epoch 297: 
6.782 5.47448 6.84596 5.25935 5.70011 5.84919 5.09073 6.75546 5.96584 6.13326 
------------------------------------

epoch 298: 
6.81897 5.47348 6.04145 5.23337 5.91256 5.80574 5.11406 6.86389 5.96377 5.93689 
------------------------------------

epoch 299: 
6.75501 5.46251 7.97446 5.22092 6.16861 5.74152 5.18294 6.85836 5.93331 5.89736 
------------------------------------

epoch 300: 
6.83306 5.46534 6.62547 5.20455 5.79254 5.71226 5.12643 7.24317 5.94598 5.82819 
------------------------------------

epoch 301: 
6.7938 5.44808 5.92127 5.19005 5.84043 5.64035 5.11383 6.63362 5.93465 5.78798 
------------------------------------

epoch 302: 
6.7942 5.42364 7.65735 5.17605 5.86649 5.52769 5.15184 6.65403 5.90782 5.86887 
------------------------------------

epoch 303: 
6.84772 5.46228 6.15588 5.16221 5.99245 5.34203 5.06791 6.68176 5.91077 5.77643 
------------------------------------

epoch 304: 
6.82345 5.81579 5.78079 5.15792 6.18118 5.94786 5.08179 6.76069 5.89091 5.76932 
------------------------------------

epoch 305: 
6.77327 5.67119 7.05932 5.17678 5.91938 6.23013 5.11893 7.01249 5.86061 6.47696 
------------------------------------

epoch 306: 
6.76116 5.44394 5.72365 5.18797 6.3644 5.46811 5.0327 6.61955 5.86473 5.92612 
------------------------------------

epoch 307: 
6.9882 5.71821 6.70768 5.20555 5.66112 6.76804 5.08669 6.63476 5.84785 7.69283 
------------------------------------

epoch 308: 
6.71915 5.39011 5.80898 5.20809 6.23873 5.60884 4.95121 6.67847 5.8682 5.75306 
------------------------------------

epoch 309: 
6.99144 5.83037 7.60308 5.20462 6.87454 7.48799 5.11669 6.94111 5.86302 5.72893 
------------------------------------

epoch 310: 
6.87937 5.41832 6.10365 5.25343 6.10531 5.58521 4.9628 6.65951 5.87978 7.12128 
------------------------------------

epoch 311: 
7.6807 5.74824 5.70292 5.21758 5.89737 8.40365 4.97279 6.81016 5.91527 5.69466 
------------------------------------

epoch 312: 
6.96172 5.40741 7.12666 5.23032 5.69599 6.00089 4.96764 6.6674 5.89367 5.84246 
------------------------------------

epoch 313: 
6.79251 5.40928 5.62544 5.2027 5.62491 6.4607 4.9231 6.91813 5.90823 5.62729 
------------------------------------

epoch 314: 
6.81481 5.3888 6.01763 5.2231 5.39513 6.27943 4.88056 6.56681 5.89397 5.82327 
------------------------------------

epoch 315: 
6.71142 5.31595 5.66858 5.19065 5.32943 5.87052 4.9069 6.64047 5.88834 5.6321 
------------------------------------

epoch 316: 
6.60995 5.5722 7.02942 5.18046 5.27048 7.65632 4.88374 6.68801 5.86696 6.00131 
------------------------------------

epoch 317: 
6.67704 5.34908 5.5881 5.19486 4.91103 6.21626 4.87712 7.03069 5.86737 5.69846 
------------------------------------

epoch 318: 
6.57397 5.26697 6.26599 5.1779 5.04749 5.61636 4.84217 6.46956 5.83449 6.18763 
------------------------------------

epoch 319: 
6.62471 6.13462 5.71049 5.15888 5.00906 10.4265 4.95123 6.48432 5.83487 5.78385 
------------------------------------

epoch 320: 
6.55838 5.28362 7.41923 5.18887 4.99739 5.75111 4.84647 6.46868 5.78827 6.08924 
------------------------------------

epoch 321: 
6.56534 5.64808 5.83681 5.16247 4.93173 12.1935 4.9549 6.51326 5.80786 5.73032 
------------------------------------

epoch 322: 
6.73892 5.39025 5.58442 5.22041 4.85607 6.48211 4.98688 6.55903 5.77642 6.1165 
------------------------------------

epoch 323: 
6.69265 5.35532 6.5249 5.18177 4.87082 6.35153 4.97227 6.61856 5.76695 5.79979 
------------------------------------

epoch 324: 
6.64602 5.35566 5.70001 5.15918 5.13375 6.21262 4.91122 6.96025 5.7443 6.39719 
------------------------------------

epoch 325: 
6.6241 5.31976 7.29596 5.12716 5.09949 6.11805 4.9258 6.43125 5.74438 5.82331 
------------------------------------

epoch 326: 
6.59619 5.33002 5.77202 5.10976 5.41568 5.99122 4.85608 6.43319 5.73181 6.28605 
------------------------------------

epoch 327: 
6.56328 5.30322 5.62164 5.07749 5.24997 5.9308 4.81941 6.45185 5.73671 5.75494 
------------------------------------

epoch 328: 
6.51018 5.29411 6.13174 5.06189 5.50191 5.83341 4.80956 6.4591 5.70807 6.1853 
------------------------------------

epoch 329: 
6.49184 5.2734 5.72728 5.03343 5.50724 5.78818 4.76446 6.54841 5.7134 5.69161 
------------------------------------

epoch 330: 
6.43575 5.2786 7.50853 5.01698 5.94918 5.70022 4.7986 6.7732 5.68495 5.65727 
------------------------------------

epoch 331: 
6.45257 5.26716 5.9276 4.9998 5.49462 5.6694 4.72992 6.51779 5.70085 5.50406 
------------------------------------

epoch 332: 
6.41729 5.25971 5.64328 4.98115 5.54425 5.62635 4.69948 6.70163 5.68544 5.631 
------------------------------------

epoch 333: 
6.39579 5.24587 6.7851 4.96177 5.64085 5.56472 4.70873 6.52039 5.67068 5.56951 
------------------------------------

epoch 334: 
6.3708 5.25016 5.6905 4.95402 5.64658 5.52369 4.66224 6.76049 5.6597 6.48762 
------------------------------------

epoch 335: 
6.3627 5.23151 7.23894 4.93218 5.95024 5.48497 4.68436 6.44029 5.66163 5.6401 
------------------------------------

epoch 336: 
6.33271 5.26604 5.71292 4.92232 6.99018 5.42472 4.63524 6.5538 5.6564 5.48529 
------------------------------------

epoch 337: 
6.31484 5.21709 5.76779 4.9078 6.05516 5.38911 4.61849 6.55217 5.65855 5.59987 
------------------------------------

epoch 338: 
6.28754 5.20479 5.67605 4.89078 5.63184 5.41028 4.59898 6.91361 5.64895 5.45724 
------------------------------------

epoch 339: 
6.27835 5.18891 5.93119 4.88015 5.71335 5.3823 4.59087 6.32408 5.62828 5.49587 
------------------------------------

epoch 340: 
6.25 5.18691 5.65131 4.86272 5.81611 5.34793 4.56774 6.33728 5.61423 5.44245 
------------------------------------

epoch 341: 
6.21639 5.1747 6.91988 4.85162 5.87212 5.32541 4.58257 6.33081 5.59185 5.84 
------------------------------------

epoch 342: 
6.20862 5.18693 5.68328 4.83283 6.09991 5.28364 4.53898 6.3906 5.59913 5.6664 
------------------------------------

epoch 343: 
6.16952 5.16835 7.39559 4.83634 5.84449 5.25988 4.56882 6.47092 5.57359 7.26482 
------------------------------------

epoch 344: 
6.18231 5.18167 5.71593 4.81784 5.9618 5.22841 4.51581 6.51148 5.60971 5.74597 
------------------------------------

epoch 345: 
6.15434 5.18058 5.67652 4.79811 6.03356 5.2057 4.50254 6.87856 5.60252 5.46707 
------------------------------------

epoch 346: 
6.13396 5.16974 5.79412 4.79468 6.46662 5.1697 4.49551 6.28895 5.57991 5.61753 
------------------------------------

epoch 347: 
6.12005 5.14298 5.61608 4.77627 6.63552 5.16501 4.47568 6.28598 5.57422 5.36258 
------------------------------------

epoch 348: 
6.06222 5.21471 6.29784 4.78677 8.43977 5.1371 4.48371 6.32737 5.56765 5.43738 
------------------------------------

epoch 349: 
6.05756 5.16176 5.83735 4.79581 6.51607 5.05148 4.45047 6.33054 5.58836 6.31451 
------------------------------------

epoch 350: 
6.00415 5.12807 7.96511 4.75761 6.43919 5.11346 4.49565 6.34199 5.59045 5.38654 
------------------------------------

epoch 351: 
6.01386 5.13769 7.05249 4.77275 6.38972 5.16076 4.43307 6.43324 5.59703 6.22746 
------------------------------------

epoch 352: 
6.0198 5.13076 5.51983 4.74209 6.31063 5.21187 4.38268 6.70365 5.61504 5.40762 
------------------------------------

epoch 353: 
6.00413 5.10958 6.59007 4.75113 6.27723 5.25587 4.39053 6.29276 5.59439 5.92941 
------------------------------------

epoch 354: 
6.02086 5.10176 5.58479 4.72641 6.20385 5.29541 4.34911 6.32487 5.60307 5.38804 
------------------------------------

epoch 355: 
5.99363 5.08455 7.38926 4.72926 6.18293 5.32954 4.37955 6.38685 5.5811 5.86577 
------------------------------------

epoch 356: 
6.02625 5.09452 5.94874 4.70783 6.09518 5.3583 4.32821 6.66519 5.59765 5.366 
------------------------------------

epoch 357: 
6.01083 5.07948 5.47847 4.71174 6.07449 5.3778 4.30382 6.22372 5.58248 5.96147 
------------------------------------

epoch 358: 
6.02196 5.06491 6.92781 4.68964 5.94403 5.40027 4.31881 6.22475 5.57866 5.34806 
------------------------------------

epoch 359: 
6.00559 5.06734 5.49031 4.68971 5.88466 5.40615 4.2827 6.26883 5.57103 6.10294 
------------------------------------

epoch 360: 
6.02427 5.05883 5.43933 4.6683 5.57079 5.41817 4.27079 6.36866 5.56956 5.31511 
------------------------------------

epoch 361: 
5.99586 5.04574 5.52905 4.66487 5.48393 5.39918 4.26751 6.2994 5.54111 5.98071 
------------------------------------

epoch 362: 
6.00426 5.04745 5.38004 4.6437 5.67315 5.37823 4.26142 6.50657 5.53256 5.28797 
------------------------------------

epoch 363: 
5.96012 5.04983 5.77515 4.63405 6.25636 5.30075 4.27235 6.21099 5.50405 5.24453 
------------------------------------

epoch 364: 
5.95894 5.03917 5.39853 4.62177 5.72983 5.29602 4.27138 6.26415 5.49543 5.37693 
------------------------------------

epoch 365: 
5.96497 5.02697 6.858 4.60678 5.75745 5.2861 4.30798 6.25856 5.47691 5.21764 
------------------------------------

epoch 366: 
5.93526 5.05681 5.36885 4.59312 6.46562 5.22177 4.30273 6.45731 5.46853 5.22536 
------------------------------------

epoch 367: 
5.93753 5.02775 5.48835 4.58799 5.66637 5.19865 4.32138 6.17554 5.45686 5.76408 
------------------------------------

epoch 368: 
5.94798 5.02763 5.30018 4.56966 6.01793 5.19487 4.32974 6.23058 5.44805 5.27186 
------------------------------------

epoch 369: 
5.89758 5.04149 5.87434 4.56182 7.36857 5.13283 4.34612 6.23947 5.42472 5.20558 
------------------------------------

epoch 370: 
5.89892 5.01212 5.39702 4.5536 6.06493 5.09123 4.34642 6.40354 5.43076 5.70882 
------------------------------------

epoch 371: 
5.927 4.99529 7.14367 4.54012 5.64159 5.13492 4.38357 6.1449 5.42087 5.24241 
------------------------------------

epoch 372: 
5.90256 5.01327 5.68814 4.53823 5.61126 5.13536 4.35294 6.20523 5.41045 6.04149 
------------------------------------

epoch 373: 
5.91809 5.0143 5.27264 4.52161 5.76132 5.11238 4.34448 6.18905 5.40983 5.222 
------------------------------------

epoch 374: 
5.87525 5.02004 6.77473 4.51303 6.12863 5.07754 4.36858 6.3322 5.38411 5.31946 
------------------------------------

epoch 375: 
5.91166 5.01476 5.23888 4.50064 6.20575 5.0598 4.35105 6.141 5.38696 5.1849 
------------------------------------

epoch 376: 
5.88632 5.0459 5.3068 4.49422 8.03093 5.01202 4.3495 6.24236 5.37539 5.23907 
------------------------------------

epoch 377: 
5.92827 4.99147 5.20999 4.49541 6.23633 4.94489 4.35548 6.16149 5.38715 6.19643 
------------------------------------

epoch 378: 
5.94541 4.97872 5.37546 4.47608 5.99975 5.00883 4.35698 6.28811 5.3885 5.17276 
------------------------------------

epoch 379: 
5.84973 4.96323 5.15059 4.4779 5.80961 5.05595 4.32888 6.11193 5.36791 5.78209 
------------------------------------

epoch 380: 
5.87369 4.9558 5.86142 4.46204 5.52964 5.10078 4.34896 6.18688 5.35858 5.16721 
------------------------------------

epoch 381: 
5.83073 4.95844 5.25329 4.456 5.57574 5.06524 4.32781 6.12009 5.33599 5.36678 
------------------------------------

epoch 382: 
5.83884 4.95822 7.00331 4.44217 5.86867 5.08214 4.36819 6.23002 5.31865 5.10886 
------------------------------------

epoch 383: 
5.82702 4.99153 5.49228 4.43536 6.94021 5.0155 4.34184 6.11405 5.31592 5.13945 
------------------------------------

epoch 384: 
5.83884 4.97109 5.12711 4.43377 6.22837 5.01159 4.33571 6.2025 5.31595 5.84712 
------------------------------------

epoch 385: 
5.86736 4.9539 6.39312 4.41882 5.71765 5.04791 4.35486 6.09134 5.31623 5.15773 
------------------------------------

epoch 386: 
5.80723 4.96284 5.04078 4.41776 5.64506 5.04688 4.31914 6.18875 5.30419 6.02069 
------------------------------------

epoch 387: 
5.82346 4.95778 5.69668 4.40208 5.82846 5.01736 4.33522 6.08055 5.30233 5.08395 
------------------------------------

epoch 388: 
5.78675 4.96358 5.12664 4.39192 6.11691 4.96741 4.31686 6.17068 5.2867 5.14254 
------------------------------------

epoch 389: 
5.80175 4.94289 6.67332 4.38073 6.14823 4.95283 4.34944 6.06515 5.27412 5.10379 
------------------------------------

epoch 390: 
5.81777 4.99268 5.12428 4.37623 8.27426 4.90144 4.32378 6.18323 5.27781 5.10359 
------------------------------------

epoch 391: 
5.85779 4.93507 5.03277 4.37587 6.19571 4.82828 4.32661 6.06453 5.29703 5.93703 
------------------------------------

epoch 392: 
5.85238 4.92181 5.18168 4.35853 5.99495 4.89725 4.32103 6.14974 5.2959 5.07193 
------------------------------------

epoch 393: 
5.75818 4.90631 4.98306 4.36052 5.83674 4.9516 4.29521 6.03744 5.27629 5.59149 
------------------------------------

epoch 394: 
5.78379 4.89762 5.53164 4.34651 5.47092 5.00387 4.31401 6.11137 5.26663 5.04997 
------------------------------------

epoch 395: 
5.73789 4.89224 5.05884 4.34382 5.48795 5.0018 4.29069 6.02172 5.24297 5.54981 
------------------------------------

epoch 396: 
5.73693 4.89603 6.59911 4.32902 5.46355 4.98009 4.32448 6.10045 5.23036 5.03994 
------------------------------------

epoch 397: 
5.72785 4.90626 4.99807 4.32468 5.47223 4.95145 4.29739 6.02081 5.21759 5.30619 
------------------------------------

epoch 398: 
5.73705 4.90623 5.00285 4.31192 5.80137 4.96047 4.29621 6.10085 5.20526 5.00301 
------------------------------------

epoch 399: 
5.70991 4.91964 5.00372 4.30606 6.86571 4.90444 4.28987 6.02551 5.18819 5.00031 
------------------------------------

epoch 400: 
5.72457 4.89831 5.00831 4.30413 6.15054 4.90671 4.29342 6.10486 5.1874 5.60472 
------------------------------------

epoch 401: 
5.74045 4.88271 4.97381 4.29098 5.59 4.94275 4.28542 5.99581 5.18879 5.01135 
------------------------------------

epoch 402: 
5.66799 4.88113 5.02401 4.28756 5.65409 4.93583 4.27168 6.0675 5.16856 5.56697 
------------------------------------

epoch 403: 
5.67539 4.87916 4.94642 4.2735 5.92242 4.89434 4.27491 5.99084 5.16489 4.98907 
------------------------------------

epoch 404: 
5.65018 4.86817 5.12231 4.26853 5.7074 4.85958 4.27308 6.06253 5.14826 5.54497 
------------------------------------

epoch 405: 
5.65076 4.8717 4.91968 4.25606 6.34733 4.82357 4.26777 5.98294 5.14604 4.94821 
------------------------------------

epoch 406: 
5.63781 4.85143 5.63355 4.25273 5.8154 4.80038 4.27485 6.05066 5.13472 5.75652 
------------------------------------

epoch 407: 
5.65385 4.87157 5.08963 4.24506 7.28679 4.76271 4.25927 5.98715 5.14102 4.986 
------------------------------------

epoch 408: 
5.67258 4.84216 7.0035 4.23267 5.69097 4.74767 4.30174 6.05541 5.14597 4.93772 
------------------------------------

epoch 409: 
5.63891 4.85175 5.36269 4.22725 5.79008 4.78634 4.25926 5.95961 5.14362 5.01333 
------------------------------------

epoch 410: 
5.62456 4.87567 4.94109 4.21934 7.18918 4.74842 4.24563 6.04568 5.13592 4.92538 
------------------------------------

epoch 411: 
5.65288 4.8417 6.43355 4.21922 5.89156 4.73506 4.27572 5.95728 5.13604 5.67252 
------------------------------------

epoch 412: 
5.67437 4.85032 4.81315 4.20629 5.63107 4.79009 4.24495 6.03661 5.14427 4.91243 
------------------------------------

epoch 413: 
5.59628 4.85668 5.18656 4.20025 6.63284 4.75391 4.2377 5.95239 5.12268 4.88621 
------------------------------------

epoch 414: 
5.61199 4.8369 4.85527 4.19367 5.49908 4.7477 4.23407 6.01642 5.1219 5.22182 
------------------------------------

epoch 415: 
5.59315 4.83805 6.03589 4.18267 5.72218 4.73731 4.24863 5.93431 5.1091 4.89645 
------------------------------------

epoch 416: 
5.57731 4.84573 4.8344 4.17687 5.8201 4.7084 4.22518 6.00466 5.09873 5.14152 
------------------------------------

epoch 417: 
5.59081 4.83464 5.96628 4.16494 5.93701 4.68737 4.24562 5.92034 5.08937 4.87084 
------------------------------------

epoch 418: 
5.57618 4.85798 4.83365 4.15819 7.74756 4.64373 4.22036 5.99753 5.08095 4.86399 
------------------------------------

epoch 419: 
5.60388 4.81102 6.01531 4.15462 5.6707 4.60134 4.24364 5.90428 5.09194 5.55685 
------------------------------------

epoch 420: 
5.60312 4.81491 4.79308 4.14356 6.51951 4.66507 4.21309 5.96392 5.09089 4.88144 
------------------------------------

epoch 421: 
5.98479 4.89315 6.00479 4.1678 6.68343 4.59112 4.22813 5.95926 5.07917 4.84622 
------------------------------------

epoch 422: 
6.00366 4.8834 4.83389 4.20592 6.80811 4.64752 4.20701 6.03357 5.07989 6.52453 
------------------------------------

epoch 423: 
5.5521 4.85329 5.72688 4.16928 6.79962 4.69046 4.16247 5.9389 5.10584 5.41527 
------------------------------------

epoch 424: 
5.51854 4.83429 4.87042 4.14385 6.71799 4.72509 4.18863 6.01156 5.12073 4.80547 
------------------------------------

epoch 425: 
5.50503 4.82073 6.54055 4.14316 6.6609 4.75719 4.22144 5.92222 5.115 4.92625 
------------------------------------

epoch 426: 
5.5188 4.82046 4.80204 4.12991 6.59744 4.78261 4.19322 6.00133 5.12913 4.79375 
------------------------------------

epoch 427: 
5.50443 4.80421 4.67874 4.1253 6.54683 4.80648 4.1818 5.89576 5.12641 4.85795 
------------------------------------

epoch 428: 
5.49671 4.79283 4.91883 4.11456 6.49197 4.8311 4.18264 5.95276 5.1246 4.7873 
------------------------------------

epoch 429: 
5.48608 4.77838 4.66691 4.10873 6.45046 4.84767 4.16954 5.8757 5.12159 4.845 
------------------------------------

epoch 430: 
5.47746 4.76866 5.35032 4.09825 6.40016 4.86614 4.17878 5.92966 5.11787 4.78034 
------------------------------------

epoch 431: 
5.47044 4.75826 4.74542 4.09189 6.36306 4.87532 4.15902 5.8544 5.11622 4.84888 
------------------------------------

epoch 432: 
5.46291 4.75035 6.15301 4.08122 6.307 4.88851 4.18403 5.90097 5.11091 4.77328 
------------------------------------

epoch 433: 
5.46229 4.74806 4.61284 4.07497 6.2634 4.89021 4.15641 5.83756 5.11351 4.87654 
------------------------------------

epoch 434: 
5.45629 4.73921 4.9193 4.06413 6.1683 4.89791 4.15777 5.87901 5.10837 4.77018 
------------------------------------

epoch 435: 
5.44355 4.72776 4.61766 4.05772 6.06732 4.89754 4.14293 5.81896 5.10059 4.88342 
------------------------------------

epoch 436: 
5.43943 4.72084 5.43186 4.04678 5.80571 4.89869 4.15491 5.85548 5.09187 4.7613 
------------------------------------

epoch 437: 
5.43279 4.71596 4.67226 4.03971 5.48976 4.88378 4.13313 5.80336 5.08076 4.94213 
------------------------------------

epoch 438: 
5.42847 4.71485 5.99787 4.02707 5.4675 4.85714 4.15651 5.83596 5.06211 4.74945 
------------------------------------

epoch 439: 
5.40977 4.72629 4.56977 4.01613 6.34484 4.7744 4.13137 5.79972 5.04399 4.75501 
------------------------------------

epoch 440: 
5.40708 4.70531 5.01492 4.00791 5.29993 4.73231 4.13623 5.82535 5.03744 4.99478 
------------------------------------

epoch 441: 
5.39603 4.71136 4.61547 3.99689 5.67423 4.68968 4.12028 5.78864 5.02018 4.76106 
------------------------------------

epoch 442: 
5.38031 4.70829 5.69625 3.99397 5.56594 4.68228 4.13626 5.82068 5.00079 5.28166 
------------------------------------

epoch 443: 
5.38563 4.71421 4.60565 3.98135 5.96957 4.62952 4.11453 5.78494 4.99796 4.73634 
------------------------------------

epoch 444: 
5.36727 4.70098 5.69274 3.97605 5.53154 4.5926 4.12966 5.81192 4.98258 5.14503 
------------------------------------

epoch 445: 
5.36013 4.71849 4.59216 3.96667 7.04958 4.55153 4.10831 5.78713 4.97873 4.70756 
------------------------------------

epoch 446: 
5.35839 4.68817 5.62189 3.96241 5.41927 4.5185 4.12291 5.81051 4.98316 5.31676 
------------------------------------

epoch 447: 
5.36671 4.69379 4.58459 3.95241 5.39788 4.5155 4.09936 5.77182 4.97672 4.7 
------------------------------------

epoch 448: 
5.33373 4.70277 5.69895 3.94742 5.68355 4.50636 4.11541 5.80967 4.95171 4.74005 
------------------------------------

epoch 449: 
5.35448 4.70352 4.55048 3.94089 6.03968 4.52172 4.0933 5.76902 4.94714 4.74042 
------------------------------------

epoch 450: 
5.32856 4.72286 5.52025 3.93569 8.48622 4.46507 4.10751 5.81836 4.93402 4.68112 
------------------------------------

epoch 451: 
5.36416 4.67833 4.58369 3.93097 5.94713 4.39794 4.08665 5.76066 4.97649 5.19732 
------------------------------------

epoch 452: 
5.35748 4.67105 5.72137 3.92233 5.6529 4.47959 4.10278 5.78924 4.96766 4.67291 
------------------------------------

epoch 453: 
5.31652 4.66752 4.50223 3.92409 5.43714 4.53604 4.07322 5.74272 4.95373 5.22398 
------------------------------------

epoch 454: 
5.3303 4.66679 5.26729 3.91434 6.00404 4.56076 4.08762 5.77091 4.93891 4.66076 
------------------------------------

epoch 455: 
5.33197 4.68745 4.54238 3.91351 5.98977 4.486 4.06628 5.76255 4.92468 4.65682 
------------------------------------

epoch 456: 
5.36931 4.68038 5.6767 3.91638 5.90738 4.55773 4.08775 5.79587 4.91077 4.97624 
------------------------------------

epoch 457: 
5.33997 4.67258 4.48398 3.90707 5.79393 4.61653 4.06002 5.74368 4.91328 4.64006 
------------------------------------

epoch 458: 
5.29561 4.66613 5.39745 3.90644 5.6995 4.67526 4.06975 5.77428 4.89934 4.82057 
------------------------------------

epoch 459: 
5.31415 4.65866 4.487 3.89879 5.52541 4.72071 4.05116 5.7241 4.89647 4.62556 
------------------------------------

epoch 460: 
5.27353 4.65352 5.56736 3.89586 5.31713 4.76132 4.06421 5.75017 4.88029 4.79397 
------------------------------------

epoch 461: 
5.2907 4.65082 4.4241 3.88781 5.13914 4.7801 4.04275 5.70745 4.87329 4.62076 
------------------------------------

epoch 462: 
5.25662 4.65251 5.22567 3.87963 5.12522 4.74437 4.05163 5.7319 4.84988 4.63574 
------------------------------------

epoch 463: 
5.26111 4.65195 4.44849 3.87187 5.17736 4.7211 4.03282 5.69938 4.83521 4.63519 
------------------------------------

epoch 464: 
5.24161 4.65618 5.48896 3.86318 5.15232 4.68073 4.04879 5.72399 4.81551 4.60075 
------------------------------------

epoch 465: 
5.24855 4.65649 4.40602 3.85936 5.19887 4.67905 4.02542 5.69396 4.8051 4.82965 
------------------------------------

epoch 466: 
5.22991 4.66472 5.22576 3.84975 5.43339 4.63126 4.03688 5.72204 4.7927 4.61402 
------------------------------------

epoch 467: 
5.23479 4.66201 4.42542 3.85076 5.25753 4.64068 4.01515 5.69417 4.78691 5.35951 
------------------------------------

epoch 468: 
5.23586 4.66563 5.4286 3.83899 5.51778 4.60666 4.03122 5.72133 4.78451 4.57319 
------------------------------------

epoch 469: 
5.21251 4.66318 4.39175 3.83154 5.57726 4.54433 4.00672 5.69306 4.7773 4.63534 
------------------------------------

epoch 470: 
5.2211 4.65718 5.2169 3.82348 5.75391 4.53042 4.02023 5.71548 4.76985 4.58471 
------------------------------------

epoch 471: 
5.23601 4.68137 4.41579 3.81966 8.78002 4.47104 3.9995 5.70708 4.76464 4.57251 
------------------------------------

epoch 472: 
5.27944 4.63462 5.39267 3.81551 5.8774 4.39092 4.01437 5.71692 4.81677 5.13854 
------------------------------------

epoch 473: 
5.24021 4.62648 4.38737 3.80724 5.62454 4.4616 3.98901 5.6732 4.81935 4.55819 
------------------------------------

epoch 474: 
5.18583 4.62099 5.34701 3.80904 5.35697 4.52662 3.99964 5.69349 4.80158 5.01531 
------------------------------------

epoch 475: 
5.21805 4.61794 4.35542 3.80077 6.01487 4.56474 3.98139 5.65743 4.79583 4.5371 
------------------------------------

epoch 476: 
5.25516 4.64769 5.27704 3.80281 5.9045 4.48362 3.99248 5.70062 4.77985 4.53533 
------------------------------------

epoch 477: 
5.31153 4.63911 4.36671 3.80893 5.83647 4.54486 3.9708 5.67677 4.77537 5.02937 
------------------------------------

epoch 478: 
5.20677 4.62902 5.2429 3.7972 5.75255 4.60739 3.98133 5.69813 4.77359 4.52094 
------------------------------------

epoch 479: 
5.1883 4.62211 4.33764 3.79862 5.69451 4.65749 3.96107 5.66068 4.76854 4.74793 
------------------------------------

epoch 480: 
5.19956 4.61427 5.21194 3.78985 5.61153 4.70829 3.97675 5.68084 4.76211 4.49949 
------------------------------------

epoch 481: 
5.15706 4.60766 4.31104 3.78854 5.54988 4.74655 3.95121 5.64359 4.75631 4.66094 
------------------------------------

epoch 482: 
5.16839 4.60113 5.16204 3.7807 5.44688 4.78537 3.96701 5.66083 4.74743 4.48863 
------------------------------------

epoch 483: 
5.14087 4.59501 4.28824 3.77772 5.34457 4.81096 3.94301 5.62747 4.73984 4.64023 
------------------------------------

epoch 484: 
5.1456 4.58982 5.12413 3.76985 5.14378 4.83547 3.95709 5.64168 4.7281 4.48098 
------------------------------------

epoch 485: 
5.12842 4.58569 4.26761 3.76519 4.99518 4.83637 3.93408 5.61282 4.71569 4.66139 
------------------------------------

epoch 486: 
5.12622 4.58522 5.08918 3.75484 5.13889 4.81177 3.94711 5.62557 4.69765 4.46999 
------------------------------------

epoch 487: 
5.10464 4.58962 4.25737 3.74598 5.18718 4.7388 3.92613 5.60999 4.68156 4.47139 
------------------------------------

epoch 488: 
5.10986 4.5858 5.06369 3.74227 5.05388 4.75685 3.93863 5.62157 4.66599 4.63392 
------------------------------------

epoch 489: 
5.10477 4.58621 4.24885 3.73257 5.10933 4.72028 3.91719 5.60165 4.65625 4.45975 
------------------------------------

epoch 490: 
5.08407 4.58861 5.09413 3.72608 5.08911 4.68194 3.92925 5.6157 4.63659 4.50317 
------------------------------------

epoch 491: 
5.09561 4.5868 4.23785 3.71969 5.33756 4.67603 3.9091 5.59528 4.62765 4.47594 
------------------------------------

epoch 492: 
5.06903 4.59496 5.0716 3.71201 5.41395 4.61435 3.92046 5.61411 4.61327 4.45388 
------------------------------------

epoch 493: 
5.08774 4.5882 4.23139 3.71424 5.15481 4.65332 3.90033 5.59453 4.60822 5.01417 
------------------------------------

epoch 494: 
5.09637 4.58487 5.03874 3.70595 5.6214 4.67974 3.91146 5.60504 4.60226 4.44284 
------------------------------------

epoch 495: 
5.09812 4.60394 4.21877 3.70299 5.70813 4.58839 3.88962 5.60992 4.59427 4.44226 
------------------------------------

epoch 496: 
5.14352 4.59663 5.00403 3.70681 5.64073 4.64104 3.90208 5.62417 4.58706 4.83568 
------------------------------------

epoch 497: 
5.09889 4.58634 4.21771 3.69832 5.53123 4.68439 3.88096 5.59711 4.59285 4.4229 
------------------------------------

epoch 498: 
5.05485 4.58043 5.12253 3.69866 5.44461 4.72593 3.89193 5.61157 4.58388 4.66031 
------------------------------------

epoch 499: 
5.07711 4.57326 4.17874 3.69155 5.24992 4.75668 3.87385 5.58244 4.5859 4.40031 
------------------------------------

epoch 500: 
5.03101 4.56835 4.9515 3.68951 5.03032 4.78001 3.8807 5.59503 4.57352 4.6375 
------------------------------------

epoch 501: 
5.04921 4.56411 4.16644 3.68115 5.0726 4.7796 3.86369 5.56824 4.56782 4.38866 
------------------------------------

epoch 502: 
5.00999 4.56953 4.96737 3.67235 5.14435 4.71009 3.87327 5.58386 4.54895 4.38241 
------------------------------------

epoch 503: 
5.02618 4.56436 4.15746 3.67019 4.96067 4.72441 3.85499 5.56203 4.54181 4.65639 
------------------------------------

epoch 504: 
5.01588 4.56508 4.92138 3.66049 5.07835 4.69596 3.86481 5.57287 4.52966 4.38147 
------------------------------------

epoch 505: 
4.99775 4.56839 4.14968 3.65372 5.13424 4.63756 3.84522 5.56051 4.51784 4.39042 
------------------------------------

epoch 506: 
5.00957 4.56446 4.89906 3.65049 5.11468 4.66181 3.8566 5.56943 4.50622 4.4909 
------------------------------------

epoch 507: 
4.98828 4.56834 4.14276 3.64171 5.14715 4.60447 3.83603 5.55773 4.50033 4.37724 
------------------------------------

epoch 508: 
4.9908 4.56434 4.91441 3.64353 5.02653 4.63013 3.84708 5.56794 4.48719 5.03805 
------------------------------------

epoch 509: 
4.9944 4.56577 4.13279 3.63379 5.00249 4.59176 3.82759 5.55392 4.48844 4.35858 
------------------------------------

epoch 510: 
4.97045 4.56639 4.92221 3.63092 5.02789 4.57608 3.83698 5.56625 4.47233 4.58355 
------------------------------------

epoch 511: 
4.98045 4.56733 4.12361 3.62266 5.01434 4.54687 3.81901 5.55083 4.46914 4.3361 
------------------------------------

epoch 512: 
4.96018 4.56861 4.89813 3.61936 5.00948 4.53114 3.82835 5.56454 4.45411 4.48764 
------------------------------------

epoch 513: 
4.96983 4.56881 4.11751 3.61207 5.0413 4.51077 3.8102 5.54666 4.45042 4.3155 
------------------------------------

epoch 514: 
4.94807 4.57238 4.8963 3.60726 5.01332 4.4846 3.81994 5.5625 4.43667 4.34628 
------------------------------------

epoch 515: 
4.96505 4.56945 4.11134 3.60378 5.55455 4.49661 3.80143 5.54042 4.43254 4.39466 
------------------------------------

epoch 516: 
5.06241 4.59723 4.91948 3.60394 6.20595 4.42836 3.81239 5.5775 4.42914 4.29427 
------------------------------------

epoch 517: 
5.13209 4.5867 4.11663 3.60797 6.31215 4.46464 3.78864 5.56126 4.43727 4.76363 
------------------------------------

epoch 518: 
4.94536 4.57546 4.8612 3.59826 6.24302 4.49258 3.79289 5.57727 4.44864 4.29929 
------------------------------------

epoch 519: 
4.96064 4.56484 4.09114 3.59916 6.15704 4.51054 3.78261 5.54884 4.45754 4.63185 
------------------------------------

epoch 520: 
4.95862 4.55557 4.82305 3.59058 5.90942 4.53133 3.79328 5.56406 4.46492 4.27706 
------------------------------------

epoch 521: 
4.91518 4.54696 4.06947 3.58947 5.59517 4.54289 3.77079 5.53395 4.46944 4.61992 
------------------------------------

epoch 522: 
4.93426 4.54153 4.78606 3.58103 4.96375 4.55151 3.78368 5.54662 4.46926 4.26165 
------------------------------------

epoch 523: 
4.89692 4.54315 4.05974 3.57317 5.31289 4.49636 3.76273 5.5239 4.458 4.30384 
------------------------------------

epoch 524: 
4.90197 4.53663 4.7693 3.56489 5.23944 4.45978 3.77491 5.53331 4.44887 4.28685 
------------------------------------

epoch 525: 
4.88327 4.54947 4.06655 3.55735 7.29233 4.39377 3.75713 5.52496 4.44085 4.27259 
------------------------------------

epoch 526: 
4.89954 4.51777 4.78306 3.55516 5.25465 4.35091 3.76683 5.5256 4.45809 4.92547 
------------------------------------

epoch 527: 
4.91559 4.51288 4.05865 3.54839 5.47164 4.40188 3.74789 5.50131 4.456 4.25385 
------------------------------------

epoch 528: 
4.89417 4.53262 4.86118 3.54559 5.89211 4.33175 3.75671 5.52693 4.43912 4.24887 
------------------------------------

epoch 529: 
4.93879 4.52651 4.05852 3.54916 5.9198 4.38863 3.73978 5.5112 4.43843 4.64063 
------------------------------------

epoch 530: 
4.9041 4.52132 4.77529 3.54136 5.95274 4.43902 3.74969 5.52107 4.43975 4.23352 
------------------------------------

epoch 531: 
4.86506 4.5148 4.03798 3.54095 5.92353 4.46473 3.72921 5.5005 4.443 4.53995 
------------------------------------

epoch 532: 
4.88265 4.50754 4.75187 3.53253 5.26302 4.47823 3.74195 5.50841 4.44553 4.21497 
------------------------------------

epoch 533: 
4.84667 4.50363 4.02232 3.52892 5.03411 4.46583 3.72013 5.4878 4.43994 4.54694 
------------------------------------

epoch 534: 
4.83989 4.50851 4.73599 3.51799 5.64938 4.40598 3.7331 5.49998 4.42746 4.22123 
------------------------------------

epoch 535: 
4.83819 4.4938 4.02377 3.51482 5.08553 4.36374 3.71429 5.47776 4.42581 4.79107 
------------------------------------

epoch 536: 
4.82641 4.50844 4.74831 3.50669 6.69336 4.31194 3.72556 5.49823 4.41748 4.18038 
------------------------------------

epoch 537: 
4.84477 4.48435 4.02249 3.50219 4.96547 4.28993 3.70701 5.4766 4.43222 4.449 
------------------------------------

epoch 538: 
4.83164 4.48661 4.75883 3.49504 5.49063 4.31233 3.71577 5.48337 4.41771 4.17076 
------------------------------------

epoch 539: 
4.89103 4.52043 4.02272 3.49644 8.25749 4.24804 3.69987 5.50212 4.4094 4.17524 
------------------------------------

epoch 540: 
4.94146 4.48283 4.71592 3.49341 5.81027 4.19633 3.70635 5.49767 4.44457 4.49861 
------------------------------------

epoch 541: 
4.83354 4.47324 4.02159 3.4864 5.70651 4.26841 3.68657 5.47572 4.44397 4.16394 
------------------------------------

epoch 542: 
4.82689 4.4685 4.82524 3.48691 5.61698 4.33862 3.7015 5.48291 4.43179 4.28934 
------------------------------------

epoch 543: 
4.828 4.46122 3.99471 3.48214 5.49753 4.39761 3.68375 5.45926 4.42943 4.15841 
------------------------------------

epoch 544: 
4.79694 4.45654 4.73033 3.48021 5.36547 4.45342 3.69215 5.46539 4.41727 4.23164 
------------------------------------

epoch 545: 
4.80306 4.45031 3.97471 3.4758 5.13465 4.49609 3.67586 5.44326 4.41204 4.16859 
------------------------------------

epoch 546: 
4.78393 4.44695 4.68161 3.47207 4.83239 4.5275 3.68418 5.44772 4.39685 4.23578 
------------------------------------

epoch 547: 
4.78455 4.44497 3.95943 3.46464 5.03007 4.51427 3.66745 5.43007 4.38423 4.15781 
------------------------------------

epoch 548: 
4.75861 4.45245 4.65636 3.45634 5.20988 4.4415 3.67704 5.44115 4.36478 4.14389 
------------------------------------

epoch 549: 
4.77385 4.44684 3.95565 3.45665 4.88618 4.47665 3.6605 5.42677 4.35824 4.50864 
------------------------------------

epoch 550: 
4.77585 4.44524 4.63289 3.44897 5.24446 4.48872 3.66912 5.42927 4.34685 4.13189 
------------------------------------

epoch 551: 
4.76474 4.45938 3.94907 3.4443 5.57074 4.39601 3.65194 5.43612 4.33611 4.13855 
------------------------------------

epoch 552: 
4.79716 4.45425 4.60246 3.44591 5.50683 4.44554 3.66173 5.43973 4.32961 4.40402 
------------------------------------

epoch 553: 
4.77546 4.44713 3.94189 3.43963 5.37642 4.48354 3.64433 5.42592 4.33353 4.11941 
------------------------------------

epoch 554: 
4.74105 4.44401 4.65626 3.43813 5.22709 4.51268 3.65226 5.43022 4.3268 4.31031 
------------------------------------

epoch 555: 
4.75474 4.44044 3.92312 3.43156 4.79651 4.52129 3.63691 5.41659 4.3285 4.11402 
------------------------------------

epoch 556: 
4.72462 4.44149 4.61383 3.42474 4.88062 4.48552 3.64392 5.42106 4.31442 4.19462 
------------------------------------

epoch 557: 
4.71949 4.44429 3.91935 3.41492 5.52978 4.41173 3.62944 5.41246 4.30603 4.10514 
------------------------------------

epoch 558: 
4.71837 4.43169 4.58147 3.41053 4.98045 4.36877 3.63769 5.41163 4.30205 4.48552 
------------------------------------

epoch 559: 
4.70974 4.44483 3.92119 3.40317 6.71706 4.30228 3.622 5.41539 4.29819 4.08463 
------------------------------------

epoch 560: 
4.72509 4.42204 4.57891 3.39985 5.04239 4.27529 3.63056 5.41108 4.31071 4.44681 
------------------------------------

epoch 561: 
4.72353 4.42005 3.91159 3.394 5.21231 4.31059 3.61277 5.39894 4.30676 4.07515 
------------------------------------

epoch 562: 
4.72174 4.44292 4.63157 3.39102 6.98965 4.24299 3.622 5.4198 4.29056 4.08126 
------------------------------------

epoch 563: 
4.76534 4.42033 3.91616 3.39013 5.72314 4.22623 3.60535 5.40373 4.31083 4.43486 
------------------------------------

epoch 564: 
4.71948 4.41671 4.58894 3.3839 5.68689 4.28616 3.61405 5.4054 4.30894 4.06539 
------------------------------------

epoch 565: 
4.68844 4.41342 3.89524 3.3836 5.7056 4.32231 3.59645 5.39543 4.31002 4.3225 
------------------------------------

epoch 566: 
4.70042 4.40747 4.554 3.37611 4.91092 4.33131 3.60732 5.39583 4.31086 4.056 
------------------------------------

-0.961931 -0.97361 0.965183 0.857243 -0.756032 -0.893976 -0.858058 -0.965545 -0.916035 -0.97064 0.896427 -0.932116 -0.921957 -0.958157 -0.879266 -0.961972 -0.964102 0.676322 -0.956735 -0.879752 -0.970937 -0.879523 -0.964216 0.873677 -0.946825 0.996735 -0.852582 -0.964269 -0.880209 -0.961718 0.872724 -0.992437 0.86503 -0.943319 -0.981487 -0.855418 0.881719 0.871627 0.897445 0.922679 0.835083 -0.967079 -0.954925 0.911428 -0.961825 -0.905401 -0.948868 0.981148 -0.965277 0.879064 0.880035 0.967024 -0.949742 0.999584 0.994793 0.951456 -0.971303 -0.961809 -0.959841 -0.960808 -0.960258 -0.955606 -0.957581 
0.973049 0.99623 0.994731 0.862895 0.995671 -0.80502 -0.865641 -0.993164 0.999482 -0.995101 -0.999527 -0.978782 0.996169 -0.994562 -0.880153 0.970578 -0.995064 -0.99224 -0.999797 0.850945 -0.993847 -0.880237 0.973294 0.925614 0.910306 -0.945062 -0.822179 -0.99494 -0.881303 0.972127 -0.999552 -0.895991 -0.999925 0.866787 -0.993968 -0.996044 0.982788 -0.999456 -0.999553 -0.999632 0.804164 -0.994548 -0.999815 0.999871 -0.996102 -0.999846 -0.975123 0.994967 -0.99285 0.985549 0.880399 0.994484 0.917428 0.98367 -0.921984 -0.910987 -0.992936 -0.992714 -0.995665 -0.992536 -0.994768 -0.99611 -0.994736 
-0.939388 -0.835118 0.996129 0.99929 0.982786 0.834045 -0.99927 -0.994697 0.863909 -0.99614 -0.892409 -0.982827 0.779875 -0.995548 0.768384 -0.947245 -0.996437 -0.822288 -0.993596 -0.966384 -0.99572 0.768456 -0.940948 -0.912618 -0.893899 -0.7447 -0.999697 -0.996175 0.771055 -0.945101 -0.975891 -0.973791 -0.863978 -0.890875 -0.948039 0.757593 -0.862058 -0.968516 -0.895635 -0.958263 -0.790762 -0.995953 -0.994731 0.966102 -0.997264 -0.971393 -0.978303 0.982396 -0.994758 -0.854873 -0.769417 0.995828 0.962678 0.999689 -0.619883 -0.955146 -0.994941 -0.993491 -0.997033 -0.993657 -0.995671 -0.997031 -0.996228 
0.962588 0.862023 0.974744 0.936556 -0.724821 -0.978713 -0.936616 -0.968254 0.994161 -0.979853 -0.999989 0.931021 -0.852912 -0.964898 -0.970714 0.965375 -0.973164 -0.999993 -0.893607 0.992587 -0.968245 -0.971021 0.961971 -0.887314 -0.904544 -0.531981 0.896414 -0.9791 -0.97073 0.971023 -0.998669 -0.998013 -0.957163 0.983065 -0.976812 -0.843663 0.953968 -0.998967 -0.999989 -0.902362 0.971066 -0.976959 -0.894179 0.995696 -0.975617 -0.999993 0.930857 -0.848091 -0.9665 0.948686 0.971598 0.979062 0.957723 -0.929089 -0.999303 -0.964785 -0.969466 -0.972313 -0.970841 -0.965911 -0.975417 -0.975601 -0.967533 
0.884232 0.999351 0.979478 0.975875 0.99998 0.906738 -0.97555 -0.981364 0.93182 -0.978816 -0.927407 -0.974914 0.874725 -0.987032 -0.987076 0.884384 -0.9809 0.797756 -0.995749 -0.928929 -0.980896 -0.986941 0.885867 0.822626 0.996961 -0.928022 -0.988463 -0.979086 -0.987467 0.882179 -0.998562 0.871668 -0.999809 -0.9623 -0.995637 -0.998738 0.865926 -0.998179 -0.928185 -0.998145 -0.978666 -0.97877 -0.995498 0.939422 -0.982072 -0.929928 -0.973342 0.310056 -0.981099 0.870403 0.987151 0.978658 0.968361 0.579417 -0.209184 -0.966066 -0.980069 -0.980061 -0.982788 -0.981923 -0.981128 -0.982672 -0.982979 
0.970175 0.999945 0.963039 0.940882 0.999997 0.940374 -0.939081 -0.970335 0.934945 -0.960986 -0.917384 -0.972675 0.897655 -0.980236 -0.997164 0.971971 -0.965227 0.94601 -0.995345 -0.933023 -0.967242 -0.997116 0.971239 0.944027 0.999719 -0.956126 -0.973542 -0.961677 -0.997283 0.970687 -0.999188 0.981558 -0.999951 -0.972007 -0.996726 -0.999837 0.948991 -0.998993 -0.917433 -0.9991 -0.989085 -0.961704 -0.994668 0.907558 -0.965029 -0.875408 -0.9725 -0.247491 -0.969785 0.949034 0.997193 0.96168 0.970307 -0.323394 -0.0807321 -0.969618 -0.967187 -0.969641 -0.967985 -0.973217 -0.967681 -0.967862 -0.97104 
-0.967905 -0.991093 0.942061 0.991992 0.863313 0.931075 -0.988401 -0.935629 0.952123 -0.933804 -0.945255 -0.920753 0.966467 -0.935103 0.9972 -0.956778 -0.936738 -0.975613 -0.932496 -0.914828 -0.933808 0.997349 -0.962061 -0.988434 -0.980102 -0.983623 -0.995036 -0.936876 0.997215 -0.959326 -0.91881 -0.964872 0.809792 0.79289 0.844524 0.998541 -0.991808 -0.925188 -0.943684 -0.931346 0.72266 -0.936626 -0.930694 0.895463 -0.935836 -0.903758 -0.917527 0.966163 -0.936705 -0.994778 -0.997104 0.934464 0.953546 0.995005 -0.975768 -0.962605 -0.933622 -0.93892 -0.943353 -0.943202 -0.937156 -0.952625 -0.951188 
0.959116 0.982733 0.962312 -0.837357 0.648263 -0.995466 0.839069 -0.963272 0.975308 -0.967783 -0.9249 -0.979253 0.965764 -0.961323 -0.991205 0.962096 -0.960906 -0.679854 -0.999563 0.934194 -0.965014 -0.991126 0.959979 0.999669 0.916514 0.806361 0.835569 -0.960961 -0.991466 0.961596 -0.86376 -0.929856 -0.995861 0.890308 -0.993519 -0.999858 0.999699 -0.866422 -0.925606 -0.957554 0.997081 -0.962895 -0.999507 0.999844 -0.958889 -0.999229 -0.984162 0.998939 -0.961087 0.999721 0.991324 0.962556 -0.926218 0.993052 0.909761 0.920796 -0.965133 -0.964332 -0.957518 -0.963374 -0.96184 -0.959575 -0.957833 
-0.936973 0.824017 0.984168 0.99984 0.999988 0.999161 -0.99984 -0.986 -0.867371 -0.982789 0.819754 -0.976526 -0.79878 -0.990427 -0.898744 -0.942013 -0.985856 0.998054 -0.887464 -0.999911 -0.986797 -0.89832 -0.939767 -0.865063 0.907574 -0.58817 -0.999971 -0.983628 -0.9004 -0.943608 -0.965599 0.904622 -0.958282 -0.99996 -0.992615 -0.809968 -0.911687 -0.951418 0.82115 -0.882195 -0.99994 -0.983715 -0.888686 -0.846799 -0.986926 0.779056 -0.973631 -0.77835 -0.986494 -0.913181 0.898331 0.98351 0.9879 0.940945 0.769224 -0.985036 -0.985998 -0.982673 -0.987712 -0.98516 -0.984361 -0.985703 -0.987334 
-0.954305 -0.869545 0.958724 0.999908 0.728373 0.953069 -0.999908 -0.958874 -0.946647 -0.962974 -0.904705 0.93268 -0.999907 -0.958648 -0.921927 -0.952731 -0.958228 -0.89282 0.854676 -0.988539 -0.959558 -0.922741 -0.957806 -0.999702 -0.984251 0.505229 -0.990319 -0.964055 -0.921739 -0.946433 -0.915738 -0.932581 0.871559 -0.99728 -0.965737 0.8499 -0.954443 -0.923509 -0.90602 0.862429 -0.995709 -0.962557 0.855473 -0.963433 -0.958818 -0.907126 0.932819 -0.999623 -0.959616 -0.9644 0.923565 0.965803 0.991622 -0.89711 -0.949268 -0.991896 -0.962496 -0.957847 -0.95577 -0.954535 -0.958411 -0.953727 -0.954157 


Number of epochs: 566
