Test 1:
	Sample 1:

		Data Of Damaged Sample:
		0 0 0 0 1 0 1 1 1 1 
		0 0 1 0 1 1 1 1 0 0 
		1 1 0 1 1 0 1 0 0 0 
		1 1 0 0 0 0 1 1 1 1 
		1 0 0 1 0 0 0 0 1 1 
		1 0 0 1 0 0 0 1 0 0 
		1 0 1 1 0 0 0 0 1 1 
		0 0 1 1 0 1 0 0 0 1 
		0 1 1 1 0 1 1 1 0 1 
		1 0 0 0 0 1 0 1 0 1 

		Data Of Y:
		0 0 0 0 0 0 1 1 1 1 
		0 0 0 0 0 0 0 1 1 1 
		0 0 1 1 1 0 0 1 1 1 
		0 0 0 0 0 0 0 1 1 1 
		0 0 0 0 0 0 0 1 1 1 
		0 0 1 1 1 0 0 0 1 1 
		0 0 1 1 1 1 0 0 1 1 
		0 0 1 1 1 0 0 0 1 1 
		0 0 0 0 0 0 0 1 1 1 
		0 0 0 0 0 0 1 1 1 1 

	Number Of Target Conflict With Y = 48
-----------------------------------------------------
Test 1:
	Sample 2:

		Data Of Damaged Sample:
		1 0 1 1 0 1 0 0 0 0 
		0 1 0 0 0 1 1 0 0 0 
		0 0 0 0 1 1 1 1 1 0 
		0 1 1 1 0 1 0 0 0 1 
		0 1 0 0 0 0 0 0 1 0 
		1 0 1 1 0 1 1 0 0 1 
		1 1 0 1 1 1 1 0 1 0 
		0 1 0 1 0 0 0 0 0 1 
		0 0 1 1 0 1 0 1 1 1 
		1 1 0 1 0 1 1 0 1 1 

		Data Of Y:
		0 0 0 0 1 1 0 0 0 0 
		0 0 0 0 1 1 0 0 0 0 
		0 0 0 1 1 1 1 0 0 0 
		0 0 0 1 0 0 1 0 0 0 
		0 0 1 1 0 0 1 1 0 0 
		0 0 1 0 0 0 0 1 0 0 
		0 1 1 1 1 1 1 1 1 0 
		0 1 1 1 1 1 1 1 1 0 
		1 1 0 0 0 0 0 0 1 1 
		1 1 0 0 0 0 0 0 1 1 

	Number Of Target Conflict With Y = 52
-----------------------------------------------------
Test 1:
	Sample 3:

		Data Of Damaged Sample:
		0 0 0 1 0 1 1 1 1 1 
		1 1 1 0 1 0 0 1 1 0 
		1 0 0 1 0 0 1 1 1 1 
		0 0 1 0 0 0 0 1 1 1 
		1 1 0 1 0 0 0 1 1 1 
		1 0 0 0 1 1 1 1 1 1 
		0 0 1 0 0 1 1 1 0 1 
		0 1 0 1 0 0 0 0 1 0 
		0 1 0 0 1 0 1 1 0 0 
		0 1 0 1 0 0 0 0 1 0 

		Data Of Y:
		0 0 0 0 0 0 1 1 1 1 
		0 0 0 0 0 0 0 1 1 1 
		0 0 1 1 1 0 0 1 1 1 
		0 0 0 0 0 0 0 1 1 1 
		0 0 0 0 0 0 0 1 1 1 
		0 0 1 1 1 0 0 0 1 1 
		0 0 1 1 1 1 0 0 1 1 
		0 0 1 1 1 0 0 0 1 1 
		0 0 0 0 0 0 0 1 1 1 
		0 0 0 0 0 0 1 1 1 1 

	Number Of Target Conflict With Y = 62
-----------------------------------------------------
Test 1:
	Sample 4:

		Data Of Damaged Sample:
		1 1 1 1 0 0 1 0 0 1 
		1 0 1 0 1 1 0 1 0 0 
		0 0 1 0 1 0 0 0 1 1 
		1 0 1 1 0 0 0 1 0 0 
		0 0 0 0 0 1 0 1 0 0 
		1 0 0 1 1 0 1 0 0 1 
		1 1 0 1 0 1 0 1 1 0 
		1 1 0 1 1 1 0 0 0 0 
		0 1 0 1 1 1 0 0 1 0 
		1 1 0 1 0 0 0 0 0 1 

		Data Of Y:
		0 0 0 0 0 0 0 0 0 1 
		0 0 0 0 0 0 0 0 0 0 
		0 0 1 1 1 1 1 0 0 0 
		0 0 1 1 1 1 1 1 0 0 
		0 0 1 1 1 1 1 1 0 0 
		0 0 1 1 1 1 1 1 0 0 
		0 0 1 1 1 1 1 1 1 0 
		0 0 1 1 1 1 1 1 0 0 
		0 0 0 0 0 0 0 0 1 1 
		1 0 0 0 0 0 0 0 1 1 

	Number Of Target Conflict With Y = 88
-----------------------------------------------------
Test 2:
	Sample 1:

		Data Of Damaged Sample:
		1 1 0 1 1 1 0 1 0 1 
		0 1 1 1 1 1 0 1 0 1 
		0 1 0 1 1 0 1 0 0 0 
		0 0 0 1 1 1 0 1 0 0 
		1 1 0 0 0 0 0 0 1 1 
		0 1 0 1 1 0 1 1 0 0 
		1 1 1 0 0 1 1 1 0 1 
		1 1 0 1 1 1 0 0 0 0 
		0 0 0 0 0 1 1 1 1 1 
		0 1 0 1 1 0 1 1 0 1 

		Data Of Y:
		1 1 1 1 1 1 0 0 0 0 
		1 1 1 1 1 1 1 0 0 0 
		1 1 0 0 0 1 1 0 0 0 
		1 1 1 1 1 1 1 0 0 0 
		1 1 1 1 1 1 1 0 0 0 
		1 1 0 0 0 1 1 1 0 0 
		1 1 0 0 0 0 1 1 0 0 
		1 1 0 0 0 1 1 1 0 0 
		1 1 1 1 1 1 1 0 0 0 
		1 1 1 1 1 1 0 0 0 0 

	Number Of Target Conflict With Y = 52
-----------------------------------------------------
Test 2:
	Sample 2:

		Data Of Damaged Sample:
		1 1 1 0 1 0 1 0 0 1 
		0 1 0 0 0 0 1 1 1 0 
		0 1 0 1 0 1 1 1 0 0 
		0 0 1 1 1 0 1 1 0 0 
		0 0 1 1 0 0 1 0 0 1 
		1 1 0 0 0 1 0 0 1 0 
		0 0 1 1 1 1 1 1 0 1 
		1 1 1 1 0 0 1 1 0 1 
		0 0 0 0 0 1 1 1 1 0 
		1 0 0 1 1 0 1 1 0 1 

		Data Of Y:
		0 0 0 0 0 0 0 0 0 1 
		0 0 0 0 0 0 0 0 0 0 
		0 0 1 1 1 1 1 1 0 0 
		0 0 1 1 1 1 1 1 1 1 
		0 0 1 1 1 1 1 1 1 1 
		0 0 1 1 1 1 1 1 1 1 
		0 0 1 1 1 1 1 1 1 1 
		0 0 1 1 1 1 1 1 0 0 
		0 0 0 0 0 0 0 0 1 1 
		1 0 0 0 0 0 0 0 1 1 

	Number Of Target Conflict With Y = 66
-----------------------------------------------------
Test 2:
	Sample 3:

		Data Of Damaged Sample:
		0 1 1 1 0 0 0 1 0 0 
		0 0 0 1 0 1 0 0 0 0 
		1 1 0 0 1 1 0 1 0 0 
		1 0 0 1 1 0 0 1 1 0 
		0 1 0 0 0 1 0 0 1 1 
		0 1 1 1 0 1 1 0 1 1 
		0 0 0 0 1 1 0 0 0 0 
		0 1 1 0 1 1 1 0 0 1 
		0 1 1 1 1 1 1 0 1 0 
		0 0 1 1 0 1 1 0 0 0 

		Data Of Y:
		1 1 1 1 1 1 1 1 1 0 
		1 1 1 1 1 1 1 1 1 1 
		1 1 0 0 0 0 0 1 1 1 
		1 1 0 0 0 0 0 0 1 1 
		1 1 0 0 0 0 0 0 1 1 
		1 1 0 0 0 0 0 0 1 1 
		1 1 0 0 0 0 0 0 0 1 
		1 1 0 0 0 0 0 0 1 1 
		1 1 1 1 1 1 1 1 0 0 
		0 1 1 1 1 1 1 1 0 0 

	Number Of Target Conflict With Y = 12
-----------------------------------------------------
Test 2:
	Sample 4:

		Data Of Damaged Sample:
		0 0 0 0 1 0 1 0 1 1 
		1 0 1 0 0 1 1 0 0 0 
		1 0 0 1 1 1 1 0 1 1 
		1 1 0 0 0 0 1 1 0 0 
		1 1 0 1 1 0 0 0 0 1 
		1 0 1 1 0 1 1 0 0 0 
		1 0 0 1 1 0 1 1 1 1 
		0 1 1 0 0 1 1 1 0 0 
		0 1 1 0 0 0 1 1 1 0 
		0 0 1 1 1 0 1 1 0 1 

		Data Of Y:
		0 0 0 0 1 1 0 0 0 0 
		0 0 0 0 1 1 0 0 0 0 
		0 0 0 1 1 1 1 0 0 0 
		0 0 0 1 0 0 1 0 0 0 
		0 0 1 1 0 0 1 1 0 0 
		0 0 1 0 0 0 0 1 0 0 
		0 1 1 1 1 1 1 1 1 0 
		0 1 1 1 1 1 1 1 1 0 
		1 1 0 0 0 0 0 0 1 1 
		1 1 0 0 0 0 0 0 1 1 

	Number Of Target Conflict With Y = 66
-----------------------------------------------------
Test 3:
	Sample 1:

		Data Of Damaged Sample:
		0 0 1 1 1 1 0 1 0 1 
		1 1 1 1 0 1 1 0 0 0 
		1 0 0 0 0 1 0 1 1 1 
		0 1 0 0 0 0 0 0 0 1 
		1 0 1 0 1 1 1 1 1 0 
		0 1 1 1 1 1 1 1 0 0 
		1 1 1 0 0 0 0 1 1 0 
		0 0 0 0 0 0 0 1 0 1 
		1 1 0 0 0 1 0 0 1 0 
		0 1 0 1 0 0 0 1 0 1 

		Data Of Y:
		1 1 1 1 1 1 0 0 0 0 
		1 1 1 1 1 1 1 0 0 0 
		1 1 0 0 0 1 1 0 0 0 
		1 1 1 1 1 1 1 0 0 0 
		1 1 1 1 1 1 1 0 0 0 
		1 1 0 0 0 1 1 1 0 0 
		1 1 0 0 0 0 1 1 0 0 
		1 1 0 0 0 1 1 1 0 0 
		1 1 1 1 1 1 1 0 0 0 
		1 1 1 1 1 1 0 0 0 0 

	Number Of Target Conflict With Y = 52
-----------------------------------------------------
Test 3:
	Sample 2:

		Data Of Damaged Sample:
		1 1 1 1 0 1 1 1 0 1 
		1 1 0 0 0 1 1 1 0 0 
		0 0 1 1 0 0 0 1 1 1 
		0 1 1 1 1 1 1 1 1 1 
		0 0 1 0 1 1 0 1 0 1 
		0 0 1 0 1 0 0 0 0 0 
		1 1 1 0 0 0 1 1 1 0 
		1 1 0 1 0 1 1 1 0 1 
		0 0 1 1 0 1 1 0 0 0 
		0 0 1 0 0 0 1 1 1 1 

		Data Of Y:
		0 0 0 0 0 0 0 1 1 1 
		0 0 0 0 0 0 0 0 1 1 
		0 0 1 1 1 1 0 1 0 1 
		0 0 1 1 1 1 1 1 1 1 
		0 0 1 1 1 1 1 1 1 1 
		0 0 1 1 1 1 1 1 1 1 
		0 0 1 1 1 1 1 1 1 1 
		0 0 1 1 1 1 0 0 0 1 
		0 0 0 0 0 0 0 0 1 1 
		0 0 0 0 0 0 0 1 1 1 

	Number Of Target Conflict With Y = 77
-----------------------------------------------------
Test 3:
	Sample 3:

		Data Of Damaged Sample:
		1 0 0 1 0 1 0 1 1 0 
		1 1 1 1 0 0 0 0 1 1 
		1 1 0 1 0 1 1 0 1 1 
		0 1 0 1 1 0 1 0 0 0 
		0 0 0 0 0 1 1 1 1 0 
		0 0 0 1 1 0 0 0 1 0 
		0 1 1 1 1 0 1 0 1 0 
		1 0 1 0 1 1 1 1 0 1 
		0 0 1 1 0 1 1 1 1 0 
		1 1 0 0 1 1 1 0 0 1 

		Data Of Y:
		0 0 0 0 0 0 0 0 0 1 
		0 0 0 0 0 0 0 0 0 0 
		0 0 1 1 1 1 1 0 0 0 
		0 0 1 1 1 1 1 1 0 0 
		0 0 1 1 1 1 1 1 0 0 
		0 0 1 1 1 1 1 1 0 0 
		0 0 1 1 1 1 1 1 1 0 
		0 0 1 1 1 1 1 1 0 0 
		0 0 0 0 0 0 0 0 1 1 
		1 0 0 0 0 0 0 0 1 1 

	Number Of Target Conflict With Y = 88
-----------------------------------------------------
Test 3:
	Sample 4:

		Data Of Damaged Sample:
		0 1 1 0 1 1 1 0 0 1 
		0 1 1 0 1 1 0 1 1 1 
		1 0 0 0 1 0 0 0 1 1 
		1 1 1 1 0 1 0 1 0 1 
		1 1 1 1 1 0 1 1 1 0 
		0 1 1 0 0 1 0 1 0 1 
		1 1 1 1 1 0 1 1 1 0 
		1 0 1 1 0 1 1 1 0 0 
		0 1 1 0 1 1 0 0 1 0 
		0 1 1 0 1 0 1 1 1 0 

		Data Of Y:
		1 1 1 1 1 1 0 0 0 0 
		1 1 1 1 1 1 1 0 0 0 
		1 1 0 0 0 1 1 0 0 0 
		1 1 0 1 0 0 1 0 0 0 
		1 1 1 1 0 0 1 0 0 0 
		1 1 0 0 0 0 0 1 0 0 
		1 1 0 0 0 0 1 1 0 0 
		1 1 0 0 0 1 1 1 1 0 
		1 1 1 1 1 1 1 0 0 0 
		1 1 1 1 1 1 0 0 0 0 

	Number Of Target Conflict With Y = 24
-----------------------------------------------------
Test 4:
	Sample 1:

		Data Of Damaged Sample:
		1 0 0 0 0 1 1 0 0 1 
		0 0 0 1 1 1 1 1 1 1 
		1 1 1 1 1 0 1 0 1 1 
		0 0 0 1 1 0 0 1 0 0 
		0 1 0 1 0 1 1 0 1 0 
		1 0 1 0 0 1 0 1 1 1 
		0 0 0 0 0 0 0 0 1 1 
		0 1 1 1 1 1 1 1 0 1 
		1 0 0 1 1 0 0 1 1 0 
		0 0 1 1 1 1 1 0 0 1 

		Data Of Y:
		0 0 0 0 0 0 0 0 0 1 
		0 0 0 0 0 0 0 0 0 0 
		0 0 1 1 1 1 1 1 0 0 
		0 0 1 1 1 1 1 1 1 1 
		0 0 1 1 1 1 1 1 1 1 
		0 0 1 1 1 1 1 1 1 1 
		0 0 1 1 1 1 1 1 1 1 
		0 0 1 1 1 1 1 1 0 0 
		0 0 0 0 0 0 0 0 1 1 
		1 0 0 0 0 0 0 0 1 1 

	Number Of Target Conflict With Y = 30
-----------------------------------------------------
Test 4:
	Sample 2:

		Data Of Damaged Sample:
		1 1 1 0 0 0 0 0 0 1 
		1 1 1 0 0 1 0 0 1 1 
		0 0 1 0 0 0 1 0 1 0 
		0 0 1 1 1 1 0 1 0 0 
		1 0 0 0 1 1 0 0 0 1 
		0 1 1 0 0 1 0 0 1 0 
		1 1 0 1 1 0 0 1 1 1 
		1 1 1 1 0 0 1 0 0 1 
		0 0 1 0 0 1 0 1 0 0 
		1 0 0 0 1 0 1 0 0 1 

		Data Of Y:
		1 1 1 1 0 0 1 1 1 1 
		1 1 1 1 0 0 1 1 1 1 
		1 1 1 0 0 0 0 1 1 1 
		1 1 1 0 1 1 0 1 1 1 
		1 1 0 0 1 1 0 0 1 1 
		1 1 0 1 1 1 1 0 1 1 
		1 0 0 0 0 0 0 0 0 1 
		1 0 0 0 0 0 0 0 0 1 
		0 0 1 1 1 1 1 1 0 0 
		0 0 1 1 1 1 1 1 0 0 

	Number Of Target Conflict With Y = 48
-----------------------------------------------------
Test 4:
	Sample 3:

		Data Of Damaged Sample:
		1 1 0 1 1 0 0 0 1 0 
		1 0 1 0 0 1 0 1 0 0 
		0 0 0 1 0 1 0 1 0 0 
		1 0 0 0 1 0 1 0 1 0 
		1 0 1 0 1 0 0 1 1 0 
		0 0 1 0 1 1 1 0 0 1 
		1 1 1 0 0 1 0 1 1 0 
		1 1 0 0 1 0 1 0 1 1 
		0 1 1 1 0 1 1 1 0 0 
		1 0 1 1 0 1 0 0 0 0 

		Data Of Y:
		1 1 1 1 1 1 1 0 0 0 
		1 1 1 1 1 1 1 1 0 0 
		1 1 0 0 0 0 1 1 1 0 
		1 1 0 0 0 0 0 0 1 1 
		1 1 0 0 0 0 0 0 1 1 
		1 1 0 0 0 0 0 0 1 1 
		1 1 0 0 0 0 0 0 0 1 
		1 1 0 0 0 0 1 1 1 0 
		1 1 1 1 1 1 1 1 0 0 
		1 1 1 1 1 1 1 0 0 0 

	Number Of Target Conflict With Y = 23
-----------------------------------------------------
Test 4:
	Sample 4:

		Data Of Damaged Sample:
		0 0 1 0 1 1 1 1 1 0 
		1 0 0 1 1 0 0 0 0 0 
		1 1 0 1 0 0 1 0 0 1 
		0 0 1 0 1 1 0 1 1 0 
		0 0 0 1 0 0 0 0 0 0 
		0 1 1 1 1 1 1 1 1 0 
		0 1 0 0 0 0 0 1 0 0 
		0 0 0 0 0 0 1 1 1 0 
		1 0 0 1 1 0 0 0 0 0 
		0 1 1 0 0 0 0 0 0 0 

		Data Of Y:
		1 1 1 1 1 1 0 0 0 0 
		1 1 1 1 1 1 1 0 0 0 
		1 1 0 0 0 1 1 0 0 0 
		1 1 1 1 1 1 1 0 0 0 
		1 1 1 1 1 1 1 0 0 0 
		1 1 0 0 0 1 1 1 0 0 
		1 1 0 0 0 0 1 1 0 0 
		1 1 0 0 0 1 1 1 0 0 
		1 1 1 1 1 1 1 0 0 0 
		1 1 1 1 1 1 0 0 0 0 

	Number Of Target Conflict With Y = 32
-----------------------------------------------------
Test 5:
	Sample 1:

		Data Of Damaged Sample:
		1 1 0 1 0 0 1 0 0 0 
		1 1 0 0 0 0 0 1 0 0 
		0 1 0 1 1 0 0 1 0 1 
		1 1 1 1 0 0 0 0 0 0 
		1 0 1 1 1 1 1 0 1 1 
		1 1 1 0 1 0 1 1 0 1 
		1 1 0 1 1 1 1 1 0 0 
		0 1 0 0 0 0 0 0 1 0 
		0 0 0 1 0 1 0 1 1 0 
		1 0 0 1 0 1 0 0 0 1 

		Data Of Y:
		0 0 0 0 0 0 0 0 0 1 
		0 0 0 0 0 0 0 0 0 0 
		0 0 1 1 1 1 1 0 0 0 
		0 0 1 1 1 1 1 1 0 0 
		0 0 1 1 1 1 1 1 0 0 
		0 0 1 1 1 1 1 1 0 0 
		0 0 1 1 1 1 1 1 1 0 
		0 0 1 1 1 1 1 1 0 0 
		0 0 0 0 0 0 0 0 1 1 
		1 0 0 0 0 0 0 0 1 1 

	Number Of Target Conflict With Y = 22
-----------------------------------------------------
Test 5:
	Sample 2:

		Data Of Damaged Sample:
		0 0 1 0 1 1 0 1 0 0 
		1 1 0 0 1 1 1 0 1 1 
		1 0 0 1 0 0 1 0 1 0 
		0 1 1 0 1 0 0 1 1 1 
		0 1 1 1 1 0 1 1 1 1 
		0 1 0 0 1 0 1 1 0 1 
		0 1 0 0 1 1 0 0 1 1 
		0 1 1 0 1 1 0 0 1 0 
		0 1 1 1 1 1 0 1 0 1 
		0 1 1 1 0 1 1 1 1 0 

		Data Of Y:
		1 1 1 1 1 1 1 1 1 0 
		1 1 1 1 1 1 1 1 1 1 
		1 1 0 0 0 0 0 1 1 1 
		1 1 0 0 0 0 0 0 1 1 
		1 1 0 0 0 0 0 0 1 1 
		1 1 0 0 0 0 0 0 1 1 
		1 1 0 0 0 0 0 0 0 1 
		1 1 0 0 0 0 0 0 1 1 
		1 1 1 1 1 1 1 1 0 0 
		0 1 1 1 1 1 1 1 0 0 

	Number Of Target Conflict With Y = 42
-----------------------------------------------------
Test 5:
	Sample 3:

		Data Of Damaged Sample:
		1 0 1 0 0 1 1 0 1 1 
		1 1 0 0 0 1 0 1 0 1 
		0 1 0 1 0 1 0 0 0 0 
		1 0 1 0 0 0 1 1 1 0 
		1 1 1 1 0 0 1 1 1 0 
		0 1 1 0 1 0 0 1 0 0 
		1 1 1 1 0 1 1 0 0 0 
		0 1 0 1 1 1 0 1 0 0 
		0 1 0 0 1 0 1 1 1 1 
		1 0 0 0 0 1 1 1 1 0 

		Data Of Y:
		0 0 0 0 0 0 0 1 1 1 
		0 0 0 0 0 0 0 0 1 1 
		0 0 1 1 1 1 0 0 0 1 
		0 0 1 1 1 1 1 1 0 0 
		0 0 1 1 1 1 1 1 0 0 
		0 0 1 1 1 1 1 1 0 0 
		0 0 1 1 1 1 1 1 1 0 
		0 0 1 1 1 1 0 0 0 1 
		0 0 0 0 0 0 0 0 1 1 
		0 0 0 0 0 0 0 1 1 1 

	Number Of Target Conflict With Y = 77
-----------------------------------------------------
Test 5:
	Sample 4:

		Data Of Damaged Sample:
		1 0 1 0 0 1 1 0 1 0 
		0 0 1 0 0 0 1 1 0 1 
		0 1 0 1 0 1 0 1 1 1 
		1 1 0 0 1 1 0 0 1 0 
		0 0 0 0 1 0 0 1 0 1 
		0 1 0 1 1 0 1 0 0 0 
		1 1 0 1 0 1 1 1 0 0 
		0 0 1 0 0 1 1 1 1 0 
		0 0 1 1 0 1 0 1 1 0 
		1 0 0 0 0 1 0 0 0 1 

		Data Of Y:
		0 0 0 0 0 0 1 1 1 1 
		0 0 0 0 0 0 0 1 1 1 
		0 0 1 1 1 0 0 1 1 1 
		0 0 0 0 0 0 0 1 1 1 
		0 0 0 0 0 0 0 1 1 1 
		0 0 1 1 1 0 0 0 1 1 
		0 0 1 1 1 1 0 0 1 1 
		0 0 1 1 1 0 0 0 1 1 
		0 0 0 0 0 0 0 1 1 1 
		0 0 0 0 0 0 1 1 1 1 

	Number Of Target Conflict With Y = 68
-----------------------------------------------------
Test 6:
	Sample 1:

		Data Of Damaged Sample:
		1 0 0 0 1 0 1 1 1 1 
		0 0 1 0 0 0 1 1 1 0 
		0 1 1 1 1 0 0 1 1 0 
		0 1 1 1 0 0 0 0 0 1 
		1 1 1 1 0 1 1 0 1 0 
		0 1 1 1 0 1 0 0 1 1 
		0 0 1 1 1 0 1 1 0 1 
		0 1 1 1 1 0 0 1 1 0 
		0 1 1 1 0 0 0 1 1 0 
		0 0 0 1 0 1 1 0 0 1 

		Data Of Y:
		0 0 0 0 0 0 0 1 1 1 
		0 0 0 0 0 0 0 0 1 1 
		0 0 1 1 1 1 0 1 0 1 
		0 0 1 1 1 1 1 1 1 1 
		0 0 1 1 1 1 1 1 1 1 
		0 0 1 1 1 1 1 1 1 1 
		0 0 1 1 1 1 1 1 1 1 
		0 0 1 1 1 1 0 0 0 1 
		0 0 0 0 0 0 0 0 1 1 
		0 0 0 0 0 0 0 1 1 1 

	Number Of Target Conflict With Y = 41
-----------------------------------------------------
Test 6:
	Sample 2:

		Data Of Damaged Sample:
		0 1 0 0 1 1 1 0 1 0 
		1 1 0 0 1 0 1 0 1 1 
		0 0 1 0 1 0 1 1 0 1 
		1 0 1 1 1 1 0 1 0 1 
		1 1 0 0 0 1 1 0 1 1 
		1 1 0 1 0 1 1 0 1 1 
		0 1 1 1 1 0 1 1 0 1 
		1 1 1 0 1 1 0 1 1 0 
		0 0 1 1 0 1 0 0 0 1 
		0 0 1 0 0 0 0 1 0 0 

		Data Of Y:
		1 1 1 1 0 0 1 1 1 1 
		1 1 1 1 0 0 1 1 1 1 
		1 1 1 0 0 0 0 1 1 1 
		1 1 1 0 1 1 0 1 1 1 
		1 1 0 0 1 1 0 0 1 1 
		1 1 0 1 1 1 1 0 1 1 
		1 0 0 0 0 0 0 0 0 1 
		1 0 0 0 0 0 0 0 0 1 
		0 0 1 1 1 1 1 1 0 0 
		0 0 1 1 1 1 1 1 0 0 

	Number Of Target Conflict With Y = 48
-----------------------------------------------------
Test 6:
	Sample 3:

		Data Of Damaged Sample:
		0 1 0 0 1 0 0 1 1 0 
		0 1 0 1 1 1 1 0 0 0 
		0 1 1 1 0 1 1 1 1 1 
		0 1 0 1 1 0 1 1 1 0 
		0 1 0 0 0 1 0 0 1 0 
		0 1 0 0 1 0 1 0 0 0 
		0 1 1 0 1 0 0 1 1 0 
		0 1 1 0 1 0 1 0 0 0 
		0 0 0 0 1 1 0 1 1 1 
		1 0 0 0 1 0 1 1 0 1 

		Data Of Y:
		0 0 0 0 0 0 0 1 1 1 
		0 0 0 0 0 0 0 0 1 1 
		0 0 1 1 1 1 0 0 0 1 
		0 0 1 1 1 1 1 1 0 0 
		0 0 1 1 1 1 1 1 0 0 
		0 0 1 1 1 1 1 1 0 0 
		0 0 1 1 1 1 1 1 1 0 
		0 0 1 1 1 1 0 0 0 1 
		0 0 0 0 0 0 0 0 1 1 
		0 0 0 0 0 0 0 1 1 1 

	Number Of Target Conflict With Y = 77
-----------------------------------------------------
Test 6:
	Sample 4:

		Data Of Damaged Sample:
		0 0 0 0 1 0 1 0 1 1 
		1 1 0 0 1 1 1 0 0 1 
		0 0 0 0 0 0 0 1 0 1 
		0 0 1 0 1 1 1 1 1 0 
		0 0 1 0 0 1 1 0 1 0 
		0 1 1 1 1 0 1 0 0 0 
		1 1 1 0 0 1 1 0 0 0 
		1 1 0 0 1 0 1 1 1 0 
		1 0 0 1 1 1 1 0 0 1 
		0 1 1 1 1 1 1 0 1 1 

		Data Of Y:
		1 1 1 1 1 1 1 0 0 0 
		1 1 1 1 1 1 1 1 0 0 
		1 1 0 0 0 0 1 0 1 0 
		1 1 0 0 0 0 0 0 0 0 
		1 1 0 0 0 0 0 0 0 0 
		1 1 0 0 0 0 0 0 0 0 
		1 1 0 0 0 0 0 0 0 0 
		1 1 0 0 0 0 1 1 1 0 
		1 1 1 1 1 1 1 1 0 0 
		1 1 1 1 1 1 1 0 0 0 

	Number Of Target Conflict With Y = 9
-----------------------------------------------------
Test 7:
	Sample 1:

		Data Of Damaged Sample:
		0 1 1 1 1 1 0 1 0 1 
		0 1 0 1 0 1 1 1 0 0 
		0 1 0 0 1 1 0 1 0 0 
		0 1 1 0 1 0 0 1 1 1 
		0 1 1 0 1 0 0 1 1 0 
		0 0 1 0 1 0 1 1 0 1 
		0 0 1 1 0 1 1 1 1 1 
		1 1 0 0 0 1 1 0 0 0 
		1 1 0 1 0 0 1 0 0 0 
		1 0 1 1 1 1 1 1 1 1 

		Data Of Y:
		1 1 1 1 1 1 0 0 0 0 
		1 1 1 1 1 1 1 0 0 0 
		1 1 0 0 0 1 1 0 0 0 
		1 1 1 1 1 1 1 0 0 0 
		1 1 1 1 1 1 1 0 0 0 
		1 1 0 0 0 1 1 1 0 0 
		1 1 0 0 0 0 1 1 0 0 
		1 1 0 0 0 1 1 1 0 0 
		1 1 1 1 1 1 1 0 0 0 
		1 1 1 1 1 1 0 0 0 0 

	Number Of Target Conflict With Y = 52
-----------------------------------------------------
Test 7:
	Sample 2:

		Data Of Damaged Sample:
		0 0 1 0 1 0 0 1 1 1 
		1 1 1 0 1 0 1 1 1 0 
		0 1 0 1 1 1 0 1 1 0 
		1 0 1 0 1 0 1 0 1 0 
		0 0 1 1 0 1 1 0 1 0 
		0 1 0 0 1 0 1 1 0 0 
		0 1 0 0 1 0 0 0 0 1 
		0 1 1 0 1 0 0 1 0 0 
		0 1 1 1 0 0 0 1 1 1 
		0 1 0 1 0 0 0 1 0 0 

		Data Of Y:
		0 0 0 0 0 0 0 1 1 1 
		0 0 0 0 0 0 0 0 1 1 
		0 0 1 1 1 1 0 0 0 1 
		0 0 1 1 1 1 1 1 0 0 
		0 0 1 1 1 1 1 1 0 0 
		0 0 1 1 1 1 1 1 0 0 
		0 0 1 1 1 1 1 1 1 0 
		0 0 1 1 1 1 0 0 0 1 
		0 0 0 0 0 0 0 0 1 1 
		0 0 0 0 0 0 0 1 1 1 

	Number Of Target Conflict With Y = 69
-----------------------------------------------------
Test 7:
	Sample 3:

		Data Of Damaged Sample:
		0 1 0 0 0 1 1 0 1 0 
		1 0 0 0 0 0 0 0 0 0 
		0 1 0 0 0 1 1 0 1 1 
		1 0 1 0 0 0 1 0 0 1 
		0 0 0 1 0 0 1 1 0 1 
		0 0 0 1 0 0 1 0 1 1 
		0 0 0 0 0 0 1 1 1 0 
		0 1 0 0 0 1 0 0 0 1 
		0 0 1 1 0 1 0 0 0 1 
		1 0 0 1 0 1 1 1 1 0 

		Data Of Y:
		0 0 0 0 0 0 0 1 1 1 
		0 0 0 0 0 0 0 0 1 1 
		0 0 1 1 1 1 0 0 0 1 
		0 0 1 1 1 1 1 1 0 0 
		0 0 1 1 1 1 1 1 0 0 
		0 0 1 1 1 1 1 1 0 0 
		0 0 1 1 1 1 1 1 1 0 
		0 0 1 1 1 1 0 0 0 1 
		0 0 0 0 0 0 0 0 1 1 
		0 0 0 0 0 0 0 1 1 1 

	Number Of Target Conflict With Y = 77
-----------------------------------------------------
Test 7:
	Sample 4:

		Data Of Damaged Sample:
		1 1 1 0 1 1 1 0 1 1 
		1 1 1 0 1 0 1 1 0 0 
		1 0 0 0 0 0 0 0 1 1 
		1 1 0 1 1 1 0 1 0 0 
		0 1 1 0 1 1 1 1 0 0 
		1 1 1 1 1 0 1 1 1 0 
		1 1 1 1 1 1 1 1 0 0 
		0 1 0 1 0 0 0 0 0 0 
		1 0 1 0 0 0 1 0 1 1 
		1 1 1 0 1 1 1 0 0 0 

		Data Of Y:
		1 1 1 1 1 1 0 0 0 0 
		1 1 1 1 1 1 1 0 0 0 
		1 1 0 0 0 1 1 0 0 0 
		1 1 1 1 1 1 1 0 0 0 
		1 1 1 1 1 1 1 0 0 0 
		1 1 0 0 0 1 1 1 0 0 
		1 1 0 0 0 0 1 1 0 0 
		1 1 0 0 0 1 1 1 0 0 
		1 1 1 1 1 1 1 0 0 0 
		1 1 1 1 1 1 0 0 0 0 

	Number Of Target Conflict With Y = 32
-----------------------------------------------------
Test 8:
	Sample 1:

		Data Of Damaged Sample:
		0 0 0 0 0 0 0 1 0 1 
		1 1 0 1 0 0 1 0 1 1 
		1 0 1 1 0 1 0 0 1 1 
		0 1 0 0 0 1 1 1 1 0 
		0 0 0 0 0 0 1 1 1 1 
		1 1 1 1 1 1 1 1 0 1 
		1 0 1 1 1 0 1 1 1 1 
		1 1 1 0 1 0 1 0 1 0 
		1 0 0 0 0 0 0 0 1 0 
		1 1 1 1 1 1 0 1 0 1 

		Data Of Y:
		0 0 0 0 0 0 0 1 1 1 
		0 0 0 0 0 0 0 0 1 1 
		0 0 1 1 1 1 0 1 0 1 
		0 0 1 1 1 1 1 1 1 1 
		0 0 1 1 1 1 1 1 1 1 
		0 0 1 1 1 1 1 1 1 1 
		0 0 1 1 1 1 1 1 1 1 
		0 0 1 1 1 1 0 0 0 1 
		0 0 0 0 0 0 0 0 1 1 
		0 0 0 0 0 0 0 1 1 1 

	Number Of Target Conflict With Y = 41
-----------------------------------------------------
Test 8:
	Sample 2:

		Data Of Damaged Sample:
		1 0 1 0 1 1 0 0 1 0 
		0 1 0 0 0 0 1 0 0 1 
		0 0 1 0 0 0 1 0 0 0 
		0 1 0 1 1 1 1 0 1 0 
		0 0 1 1 1 0 0 0 0 0 
		1 0 0 1 0 1 1 1 1 1 
		0 0 0 1 0 1 0 0 0 1 
		1 0 0 1 1 0 0 1 0 1 
		1 0 0 0 1 1 0 1 1 1 
		0 0 0 0 0 1 0 1 0 0 

		Data Of Y:
		0 0 0 0 0 0 0 1 1 1 
		0 0 0 0 0 0 0 0 1 1 
		0 0 1 1 1 1 0 0 0 1 
		0 0 1 1 1 1 1 1 0 0 
		0 0 1 1 1 1 1 1 0 0 
		0 0 1 1 1 1 1 1 0 0 
		0 0 1 1 1 1 1 1 1 0 
		0 0 1 1 1 1 0 0 0 1 
		0 0 0 0 0 0 0 0 1 1 
		0 0 0 0 0 0 0 1 1 1 

	Number Of Target Conflict With Y = 69
-----------------------------------------------------
Test 8:
	Sample 3:

		Data Of Damaged Sample:
		1 1 0 0 0 0 1 0 0 0 
		1 1 1 1 1 1 1 1 0 0 
		0 0 0 1 1 0 0 1 1 1 
		1 1 1 1 1 0 1 0 0 1 
		0 0 1 1 0 0 1 1 0 1 
		0 1 0 0 0 0 1 0 0 0 
		1 0 1 0 0 0 1 0 1 0 
		0 1 0 1 1 1 1 1 0 1 
		1 0 0 1 0 0 0 1 1 0 
		0 0 1 1 1 0 0 1 0 1 

		Data Of Y:
		1 1 1 1 1 1 1 0 0 0 
		1 1 1 1 1 1 1 1 0 0 
		1 1 0 0 0 0 1 0 1 0 
		1 1 0 0 0 0 0 0 0 0 
		1 1 0 0 0 0 0 0 0 0 
		1 1 0 0 0 0 0 0 0 0 
		1 1 0 0 0 0 0 0 0 0 
		1 1 0 0 0 0 1 1 1 0 
		1 1 1 1 1 1 1 1 0 0 
		1 1 1 1 1 1 1 0 0 0 

	Number Of Target Conflict With Y = 15
-----------------------------------------------------
Test 8:
	Sample 4:

		Data Of Damaged Sample:
		0 1 1 0 0 1 0 0 1 0 
		0 0 1 0 1 0 1 0 0 0 
		1 0 0 0 0 1 0 0 1 0 
		0 1 0 1 1 1 1 1 1 1 
		1 0 1 0 1 1 0 0 0 0 
		1 0 0 1 1 0 0 0 0 1 
		0 0 1 0 0 1 1 0 1 0 
		1 1 0 0 0 1 1 1 1 0 
		0 0 0 0 1 1 0 0 0 0 
		0 0 0 0 0 1 1 1 1 0 

		Data Of Y:
		1 1 1 1 1 1 0 0 0 0 
		1 1 1 1 1 1 1 0 0 0 
		1 1 0 0 0 1 1 0 0 0 
		1 1 1 1 1 1 1 0 0 0 
		1 1 1 1 1 1 1 0 0 0 
		1 1 0 0 0 1 1 1 0 0 
		1 1 0 0 0 0 1 1 0 0 
		1 1 0 0 0 1 1 1 0 0 
		1 1 1 1 1 1 1 0 0 0 
		1 1 1 1 1 1 0 0 0 0 

	Number Of Target Conflict With Y = 32
-----------------------------------------------------
Test 9:
	Sample 1:

		Data Of Damaged Sample:
		1 0 0 0 0 1 1 0 0 0 
		0 0 0 0 1 0 0 0 1 0 
		0 1 0 1 1 0 1 0 1 0 
		0 0 1 1 1 0 0 0 0 1 
		0 1 1 1 1 1 1 0 1 1 
		1 1 0 1 1 1 1 1 1 1 
		1 0 1 0 0 0 1 1 1 0 
		0 1 0 0 0 1 0 0 0 1 
		1 1 1 0 1 0 1 0 1 0 
		0 0 1 0 1 1 1 0 1 0 

		Data Of Y:
		0 0 0 0 0 0 0 0 0 1 
		0 0 0 0 0 0 0 0 0 0 
		0 0 1 1 1 1 1 0 0 0 
		0 0 1 1 1 1 1 1 0 0 
		0 0 1 1 1 1 1 1 0 0 
		0 0 1 1 1 1 1 1 0 0 
		0 0 1 1 1 1 1 1 1 0 
		0 0 1 1 1 1 1 1 0 0 
		0 0 0 0 0 0 0 0 1 1 
		1 0 0 0 0 0 0 0 1 1 

	Number Of Target Conflict With Y = 22
-----------------------------------------------------
Test 9:
	Sample 2:

		Data Of Damaged Sample:
		1 1 0 0 1 0 0 1 0 1 
		1 1 1 0 1 0 0 0 1 1 
		1 0 0 1 0 0 1 1 1 0 
		1 1 1 0 0 1 1 1 1 1 
		1 1 1 0 0 0 1 1 1 0 
		0 0 1 1 0 0 1 0 0 0 
		1 1 0 1 1 1 1 1 0 0 
		0 0 1 1 1 1 0 1 1 0 
		0 0 0 1 0 1 0 0 0 0 
		1 1 1 0 1 0 1 1 0 0 

		Data Of Y:
		0 0 0 0 0 0 0 0 0 1 
		0 0 0 0 0 0 0 0 0 0 
		0 0 1 1 1 1 1 1 0 0 
		0 0 1 1 1 1 1 1 1 1 
		0 0 1 1 1 1 1 1 1 1 
		0 0 1 1 1 1 1 1 1 1 
		0 0 1 1 1 1 1 1 1 1 
		0 0 1 1 1 1 1 1 0 0 
		0 0 0 0 0 0 0 0 1 1 
		1 0 0 0 0 0 0 0 1 1 

	Number Of Target Conflict With Y = 66
-----------------------------------------------------
Test 9:
	Sample 3:

		Data Of Damaged Sample:
		0 0 0 0 1 1 1 0 1 0 
		1 1 0 1 0 1 1 0 1 1 
		0 0 1 1 1 1 0 0 0 0 
		1 0 1 1 1 0 1 1 0 1 
		1 1 0 1 1 0 0 1 0 1 
		1 1 0 1 1 0 0 1 1 0 
		0 0 1 0 1 0 0 0 1 0 
		0 1 0 1 0 0 0 0 1 0 
		0 0 0 0 0 1 1 0 1 0 
		1 1 1 1 0 0 1 0 1 1 

		Data Of Y:
		0 0 0 0 0 0 0 1 1 1 
		0 0 0 0 0 0 0 0 1 1 
		0 0 1 1 1 1 0 0 0 1 
		0 0 1 1 1 1 1 1 0 0 
		0 0 1 1 1 1 1 1 0 0 
		0 0 1 1 1 1 1 1 0 0 
		0 0 1 1 1 1 1 1 1 0 
		0 0 1 1 1 1 0 0 0 1 
		0 0 0 0 0 0 0 0 1 1 
		0 0 0 0 0 0 0 1 1 1 

	Number Of Target Conflict With Y = 77
-----------------------------------------------------
Test 9:
	Sample 4:

		Data Of Damaged Sample:
		0 1 1 1 0 0 1 1 1 0 
		1 1 1 1 0 1 1 0 1 1 
		0 1 0 1 0 0 1 0 0 0 
		0 0 0 0 1 0 0 0 0 0 
		0 0 1 0 1 0 1 1 0 0 
		1 0 0 0 0 0 1 1 0 1 
		0 0 0 1 1 0 0 0 0 0 
		1 1 1 1 0 1 0 1 0 1 
		0 0 0 0 1 1 1 0 0 0 
		1 0 1 0 1 1 1 0 1 0 

		Data Of Y:
		1 1 1 1 1 1 1 1 1 0 
		1 1 1 1 1 1 1 1 1 1 
		1 1 0 0 0 0 0 0 1 1 
		1 1 0 0 0 0 0 0 0 0 
		1 1 0 0 0 0 0 0 0 0 
		1 1 0 0 0 0 0 0 0 0 
		1 1 0 0 0 0 0 0 0 0 
		1 1 0 0 0 0 0 0 1 1 
		1 1 1 1 1 1 1 1 0 0 
		0 1 1 1 1 1 1 1 0 0 

	Number Of Target Conflict With Y = 20
-----------------------------------------------------
Test 10:
	Sample 1:

		Data Of Damaged Sample:
		0 1 0 0 1 0 1 0 0 0 
		0 0 0 0 1 0 1 1 1 1 
		1 1 1 1 1 0 1 0 1 0 
		0 1 1 0 1 1 0 0 0 0 
		1 0 0 0 0 0 1 1 0 1 
		1 1 0 0 0 0 1 0 0 1 
		1 1 0 0 0 0 1 1 0 0 
		0 0 0 1 0 0 1 0 0 0 
		1 0 1 0 1 0 1 0 0 1 
		1 0 0 0 0 1 0 1 1 0 

		Data Of Y:
		1 1 1 1 1 1 1 0 0 0 
		1 1 1 1 1 1 1 1 0 0 
		1 1 0 0 0 0 1 0 1 0 
		1 1 0 0 0 0 0 0 0 0 
		1 1 0 0 0 0 0 0 0 0 
		1 1 0 0 0 0 0 0 0 0 
		1 1 0 0 0 0 0 0 0 0 
		1 1 0 0 0 0 1 1 1 0 
		1 1 1 1 1 1 1 1 0 0 
		1 1 1 1 1 1 1 0 0 0 

	Number Of Target Conflict With Y = 59
-----------------------------------------------------
Test 10:
	Sample 2:

		Data Of Damaged Sample:
		1 0 0 0 1 1 1 0 1 0 
		1 0 1 0 1 1 1 0 0 1 
		1 1 0 1 1 0 1 1 1 1 
		1 1 0 0 0 0 0 1 1 1 
		0 0 0 1 1 0 1 0 0 0 
		1 1 1 0 0 0 0 0 0 0 
		0 1 0 1 1 0 0 1 0 0 
		0 1 1 0 0 0 0 0 0 0 
		1 0 0 0 1 1 0 1 0 0 
		0 1 0 0 0 1 1 0 0 1 

		Data Of Y:
		1 1 1 1 1 1 1 0 0 0 
		1 1 1 1 1 1 1 1 0 0 
		1 1 0 0 0 0 1 0 1 0 
		1 1 0 0 0 0 0 0 0 0 
		1 1 0 0 0 0 0 0 0 0 
		1 1 0 0 0 0 0 0 0 0 
		1 1 0 0 0 0 0 0 0 0 
		1 1 0 0 0 0 1 1 1 0 
		1 1 1 1 1 1 1 1 0 0 
		1 1 1 1 1 1 1 0 0 0 

	Number Of Target Conflict With Y = 23
-----------------------------------------------------
Test 10:
	Sample 3:

		Data Of Damaged Sample:
		0 0 0 1 1 1 1 0 1 0 
		0 1 0 0 0 1 1 0 0 0 
		1 0 1 1 1 0 1 0 0 0 
		1 1 1 1 0 1 1 0 0 0 
		0 1 1 1 1 1 0 1 0 0 
		1 0 1 1 1 0 0 0 1 1 
		1 1 0 1 0 0 0 1 1 1 
		1 0 0 1 0 0 1 1 1 1 
		0 0 1 0 1 0 1 0 1 0 
		0 1 1 1 0 0 1 1 0 0 

		Data Of Y:
		1 1 1 1 1 1 1 0 0 0 
		1 1 1 1 1 1 1 1 0 0 
		1 1 0 0 0 0 1 0 1 0 
		1 1 0 0 0 0 0 0 0 0 
		1 1 0 0 0 0 0 0 0 0 
		1 1 0 0 0 0 0 0 0 0 
		1 1 0 0 0 0 0 0 0 0 
		1 1 0 0 0 0 1 1 1 0 
		1 1 1 1 1 1 1 1 0 0 
		1 1 1 1 1 1 1 0 0 0 

	Number Of Target Conflict With Y = 15
-----------------------------------------------------
Test 10:
	Sample 4:

		Data Of Damaged Sample:
		1 0 0 0 1 1 1 1 1 0 
		0 0 1 0 0 1 1 1 0 0 
		0 1 0 0 1 1 0 1 0 1 
		0 1 0 0 1 0 0 1 1 1 
		1 0 0 1 0 0 0 1 1 1 
		0 0 0 1 0 0 1 0 0 0 
		0 1 0 1 0 1 0 0 0 0 
		1 1 0 1 1 1 0 0 0 1 
		0 1 1 1 0 0 0 1 1 0 
		0 0 1 1 0 0 0 1 0 0 

		Data Of Y:
		0 0 0 0 0 0 1 1 1 1 
		0 0 0 0 0 0 0 1 1 1 
		0 0 1 1 1 0 0 1 1 1 
		0 0 0 0 0 0 0 1 1 1 
		0 0 0 0 0 0 0 1 1 1 
		0 0 1 1 1 0 0 0 1 1 
		0 0 1 1 1 1 0 0 1 1 
		0 0 1 1 1 0 0 0 1 1 
		0 0 0 0 0 0 0 1 1 1 
		0 0 0 0 0 0 1 1 1 1 

	Number Of Target Conflict With Y = 68
-----------------------------------------------------
