Test 1:
	Sample 1:

		Data Of Damaged Sample:
		0 0 0 0 1 1 0 0 0 0 
		0 0 0 1 1 1 1 1 0 0 
		0 1 1 1 1 1 0 0 0 1 
		0 0 0 1 0 0 1 0 0 0 
		1 1 1 1 0 0 1 0 0 0 
		0 0 0 0 1 0 0 1 1 0 
		0 1 1 1 1 1 1 0 1 0 
		0 1 1 0 0 1 1 1 1 1 
		1 1 0 0 1 0 0 0 1 1 
		0 1 0 0 0 0 1 0 1 1 

		Data Of Y:
		0 0 0 0 1 1 0 0 0 0 
		0 0 0 0 1 1 0 0 0 0 
		0 0 0 1 1 1 1 0 0 0 
		0 0 0 1 0 0 1 0 0 0 
		0 0 1 1 0 0 1 1 0 0 
		0 0 1 0 0 0 0 1 0 0 
		0 1 1 1 1 1 1 1 1 0 
		0 1 1 1 1 1 1 1 1 0 
		1 1 0 0 0 0 0 0 1 1 
		1 1 0 0 0 0 0 0 1 1 

	Number Of Target Conflict With Y = 0
-----------------------------------------------------
Test 1:
	Sample 2:

		Data Of Damaged Sample:
		1 0 1 1 1 1 0 0 0 1 
		1 0 1 0 0 1 1 0 1 0 
		1 1 1 0 0 1 1 0 0 0 
		0 1 1 1 1 1 1 0 0 0 
		1 1 1 1 1 1 1 0 0 1 
		1 1 0 1 0 1 1 0 0 0 
		1 0 0 0 0 0 1 1 0 0 
		0 1 0 0 0 1 0 0 0 0 
		1 0 1 1 1 1 1 1 0 1 
		1 1 0 1 1 1 0 0 1 0 

		Data Of Y:
		1 1 1 1 1 1 0 0 0 0 
		1 1 1 1 1 1 1 0 0 0 
		1 1 0 0 0 1 1 0 0 0 
		1 1 1 1 1 1 1 0 0 0 
		1 1 1 1 1 1 1 0 0 0 
		1 1 0 0 0 1 1 1 0 0 
		1 1 0 0 0 0 1 1 0 0 
		1 1 0 0 0 1 1 1 0 0 
		1 1 1 1 1 1 1 0 0 0 
		1 1 1 1 1 1 0 0 0 0 

	Number Of Target Conflict With Y = 0
-----------------------------------------------------
Test 1:
	Sample 3:

		Data Of Damaged Sample:
		0 1 1 0 0 0 1 1 0 0 
		1 1 1 1 0 1 1 1 1 0 
		1 1 0 0 0 0 0 0 1 0 
		1 1 0 0 0 0 0 1 1 0 
		1 1 0 0 0 0 1 0 0 0 
		1 0 0 0 1 0 0 0 0 0 
		1 1 0 0 0 0 0 1 0 0 
		1 1 0 0 0 0 1 1 0 1 
		1 1 1 1 0 1 1 0 1 0 
		1 1 1 1 1 1 1 1 1 0 

		Data Of Y:
		1 1 1 1 1 1 1 1 1 0 
		1 1 1 1 1 1 1 1 1 1 
		1 1 0 0 0 0 0 0 1 1 
		1 1 0 0 0 0 0 0 0 0 
		1 1 0 0 0 0 0 0 0 0 
		1 1 0 0 0 0 0 0 0 0 
		1 1 0 0 0 0 0 0 0 0 
		1 1 0 0 0 0 0 0 1 1 
		1 1 1 1 1 1 1 1 0 0 
		0 1 1 1 1 1 1 1 0 0 

	Number Of Target Conflict With Y = 4
-----------------------------------------------------
Test 1:
	Sample 4:

		Data Of Damaged Sample:
		0 1 1 0 1 1 0 0 1 0 
		1 0 1 0 0 1 1 1 0 1 
		0 0 0 0 0 0 1 1 1 0 
		1 1 0 0 0 0 1 0 1 1 
		0 1 0 1 1 0 0 0 1 1 
		1 1 0 0 0 0 0 0 1 1 
		0 1 0 0 0 0 1 0 0 1 
		1 1 0 0 0 0 0 1 1 0 
		1 1 1 0 1 1 1 1 0 0 
		1 1 1 0 1 1 1 0 0 0 

		Data Of Y:
		1 1 1 1 1 1 1 0 0 0 
		1 1 1 1 1 1 1 1 0 0 
		1 1 0 0 0 0 1 1 1 0 
		1 1 0 0 0 0 0 0 1 1 
		1 1 0 0 0 0 0 0 1 1 
		1 1 0 0 0 0 0 0 1 1 
		1 1 0 0 0 0 0 0 0 1 
		1 1 0 0 0 0 1 1 1 0 
		1 1 1 1 1 1 1 1 0 0 
		1 1 1 1 1 1 1 0 0 0 

	Number Of Target Conflict With Y = 1
-----------------------------------------------------
Test 2:
	Sample 1:

		Data Of Damaged Sample:
		0 0 0 0 1 0 0 1 0 0 
		1 0 0 0 1 1 0 0 0 1 
		0 0 1 1 1 1 1 0 0 0 
		1 0 0 1 0 0 1 0 0 0 
		0 1 1 0 0 0 1 1 0 0 
		0 0 1 0 1 0 1 1 0 0 
		0 1 0 0 1 1 1 1 0 0 
		0 1 1 0 1 1 0 1 1 1 
		1 1 0 0 0 0 0 0 1 1 
		1 1 1 1 1 1 0 0 1 1 

		Data Of Y:
		0 0 0 0 1 1 0 0 0 0 
		0 0 0 0 1 1 0 0 0 0 
		0 0 0 1 1 1 1 0 0 0 
		0 0 0 1 0 0 1 0 0 0 
		0 0 1 1 0 0 1 1 0 0 
		0 0 1 0 0 0 0 1 0 0 
		0 1 1 1 1 1 1 1 1 0 
		0 1 1 1 1 1 1 1 1 0 
		1 1 0 0 0 0 0 0 1 1 
		1 1 0 0 0 0 0 0 1 1 

	Number Of Target Conflict With Y = 0
-----------------------------------------------------
Test 2:
	Sample 2:

		Data Of Damaged Sample:
		1 1 0 1 1 1 0 0 0 0 
		1 1 1 1 1 1 1 1 0 1 
		1 1 0 0 0 1 1 0 0 1 
		0 1 1 1 0 1 1 1 0 0 
		1 1 1 1 0 1 1 0 1 0 
		1 1 0 1 0 1 1 1 0 0 
		1 1 0 0 0 0 1 1 0 0 
		1 1 1 0 0 1 1 1 1 0 
		1 1 0 1 0 0 0 1 1 1 
		1 1 1 1 1 1 0 0 0 1 

		Data Of Y:
		1 1 1 1 1 1 0 0 0 0 
		1 1 1 1 1 1 1 0 0 0 
		1 1 0 0 0 1 1 0 0 0 
		1 1 1 1 1 1 1 0 0 0 
		1 1 1 1 1 1 1 0 0 0 
		1 1 0 0 0 1 1 1 0 0 
		1 1 0 0 0 0 1 1 0 0 
		1 1 0 0 0 1 1 1 0 0 
		1 1 1 1 1 1 1 0 0 0 
		1 1 1 1 1 1 0 0 0 0 

	Number Of Target Conflict With Y = 0
-----------------------------------------------------
Test 2:
	Sample 3:

		Data Of Damaged Sample:
		0 0 1 1 0 1 1 1 1 0 
		1 0 1 1 1 0 0 1 1 1 
		1 1 0 1 0 0 0 0 1 1 
		0 1 1 0 0 1 1 0 0 0 
		1 0 0 0 0 0 0 0 0 0 
		1 1 0 0 0 0 0 0 0 0 
		1 1 1 0 0 0 1 0 0 0 
		1 1 0 1 0 1 0 0 1 0 
		1 1 1 1 1 0 1 1 1 0 
		1 1 0 1 1 1 1 1 1 0 

		Data Of Y:
		1 1 1 1 1 1 1 1 1 0 
		1 1 1 1 1 1 1 1 1 1 
		1 1 0 0 0 0 0 0 1 1 
		1 1 0 0 0 0 0 0 0 0 
		1 1 0 0 0 0 0 0 0 0 
		1 1 0 0 0 0 0 0 0 0 
		1 1 0 0 0 0 0 0 0 0 
		1 1 0 0 0 0 0 0 1 1 
		1 1 1 1 1 1 1 1 0 0 
		0 1 1 1 1 1 1 1 0 0 

	Number Of Target Conflict With Y = 4
-----------------------------------------------------
Test 2:
	Sample 4:

		Data Of Damaged Sample:
		1 1 1 1 0 1 1 0 1 0 
		1 1 1 1 1 1 1 0 0 0 
		0 1 0 0 1 1 1 1 1 0 
		0 1 1 0 0 0 0 0 1 0 
		1 1 0 0 0 0 0 1 1 1 
		1 0 0 0 0 0 0 1 1 1 
		1 1 1 0 0 0 0 1 1 0 
		1 1 1 0 0 0 1 1 1 0 
		1 1 1 0 0 0 1 1 0 0 
		1 1 1 1 1 1 1 1 0 0 

		Data Of Y:
		1 1 1 1 1 1 1 0 0 0 
		1 1 1 1 1 1 1 1 0 0 
		1 1 0 0 0 0 1 1 1 0 
		1 1 0 0 0 0 0 0 1 1 
		1 1 0 0 0 0 0 0 1 1 
		1 1 0 0 0 0 0 0 1 1 
		1 1 0 0 0 0 0 0 0 1 
		1 1 0 0 0 0 1 1 1 0 
		1 1 1 1 1 1 1 1 0 0 
		1 1 1 1 1 1 1 0 0 0 

	Number Of Target Conflict With Y = 1
-----------------------------------------------------
Test 3:
	Sample 1:

		Data Of Damaged Sample:
		1 0 0 1 1 1 0 0 0 0 
		0 0 0 0 1 1 1 0 0 0 
		0 1 0 1 1 0 1 1 0 1 
		0 0 0 1 0 0 1 0 1 0 
		0 0 1 0 0 0 1 0 1 0 
		0 0 0 0 0 1 0 1 0 0 
		0 1 1 1 1 0 1 0 1 0 
		0 1 1 1 1 0 1 1 1 0 
		1 1 0 0 0 0 0 1 1 1 
		1 1 1 1 0 0 0 1 1 1 

		Data Of Y:
		0 0 0 0 1 1 0 0 0 0 
		0 0 0 0 1 1 0 0 0 0 
		0 0 0 1 1 1 1 0 0 0 
		0 0 0 1 0 0 1 0 0 0 
		0 0 1 1 0 0 1 1 0 0 
		0 0 1 0 0 0 0 1 0 0 
		0 1 1 1 1 1 1 1 1 0 
		0 1 1 1 1 1 1 1 1 0 
		1 1 0 0 0 0 0 0 1 1 
		1 1 0 0 0 0 0 0 1 1 

	Number Of Target Conflict With Y = 0
-----------------------------------------------------
Test 3:
	Sample 2:

		Data Of Damaged Sample:
		1 1 1 1 1 0 0 0 0 0 
		0 1 1 0 1 1 1 0 0 0 
		1 1 0 1 0 0 1 0 1 0 
		0 1 1 1 1 0 0 0 1 0 
		1 1 1 1 1 1 0 0 0 1 
		1 1 0 0 1 1 1 1 0 1 
		1 1 0 0 0 0 1 0 0 0 
		1 1 0 0 0 1 1 1 0 1 
		1 1 1 1 1 1 0 0 0 1 
		1 0 1 1 0 1 0 0 0 0 

		Data Of Y:
		1 1 1 1 1 1 1 0 0 0 
		1 1 1 1 1 1 1 1 0 0 
		1 1 0 0 0 0 1 0 1 0 
		1 1 0 0 0 0 0 0 0 0 
		1 1 0 0 0 0 0 0 0 0 
		1 1 0 0 0 0 0 0 0 0 
		1 1 0 0 0 0 0 0 0 0 
		1 1 0 0 0 0 1 1 1 0 
		1 1 1 1 1 1 1 1 0 0 
		1 1 1 1 1 1 1 0 0 0 

	Number Of Target Conflict With Y = 23
-----------------------------------------------------
Test 3:
	Sample 3:

		Data Of Damaged Sample:
		0 1 1 1 1 0 0 1 1 0 
		1 1 1 1 1 1 1 1 0 1 
		0 1 0 0 1 0 0 0 1 1 
		1 1 0 0 0 0 0 0 0 1 
		1 0 0 0 1 0 0 0 0 0 
		0 1 0 0 0 0 0 0 0 0 
		1 1 0 0 0 0 0 0 0 0 
		0 1 0 1 1 1 0 0 1 1 
		0 1 0 0 1 0 1 1 1 0 
		0 1 0 1 1 0 1 1 1 0 

		Data Of Y:
		1 1 1 1 1 1 1 1 1 0 
		1 1 1 1 1 1 1 1 1 1 
		1 1 0 0 0 0 0 0 1 1 
		1 1 0 0 0 0 0 0 0 0 
		1 1 0 0 0 0 0 0 0 0 
		1 1 0 0 0 0 0 0 0 0 
		1 1 0 0 0 0 0 0 0 0 
		1 1 0 0 0 0 0 0 1 1 
		1 1 1 1 1 1 1 1 0 0 
		0 1 1 1 1 1 1 1 0 0 

	Number Of Target Conflict With Y = 4
-----------------------------------------------------
Test 3:
	Sample 4:

		Data Of Damaged Sample:
		1 1 1 1 1 1 1 0 0 1 
		1 1 1 1 1 1 1 1 0 0 
		1 1 0 0 0 0 0 1 1 0 
		1 1 0 0 1 0 0 0 1 1 
		1 1 0 0 0 1 0 1 1 1 
		0 1 0 0 0 1 1 1 1 0 
		1 1 1 0 0 0 1 1 1 1 
		0 1 0 0 0 0 1 0 1 0 
		0 0 1 0 1 1 1 1 1 0 
		1 1 1 0 1 1 1 0 0 0 

		Data Of Y:
		1 1 1 1 1 1 1 0 0 0 
		1 1 1 1 1 1 1 1 0 0 
		1 1 0 0 0 0 1 1 1 0 
		1 1 0 0 0 0 0 0 1 1 
		1 1 0 0 0 0 0 0 1 1 
		1 1 0 0 0 0 0 0 1 1 
		1 1 0 0 0 0 0 0 0 1 
		1 1 0 0 0 0 1 1 1 0 
		1 1 1 1 1 1 1 1 0 0 
		1 1 1 1 1 1 1 0 0 0 

	Number Of Target Conflict With Y = 1
-----------------------------------------------------
Test 4:
	Sample 1:

		Data Of Damaged Sample:
		1 0 0 1 1 1 0 0 0 0 
		0 0 0 1 0 1 0 0 1 0 
		0 0 0 1 1 1 1 0 1 0 
		0 0 0 1 0 0 0 0 0 0 
		1 1 1 1 0 1 0 1 0 0 
		0 0 1 0 0 1 1 1 0 0 
		0 1 1 1 1 1 1 1 1 1 
		1 0 1 1 1 1 1 1 1 0 
		1 0 1 1 0 0 0 0 1 0 
		1 1 0 0 0 0 0 0 1 1 

		Data Of Y:
		0 0 0 0 1 1 0 0 0 0 
		0 0 0 0 1 1 0 0 0 0 
		0 0 0 1 1 1 1 0 0 0 
		0 0 0 1 0 0 1 0 0 0 
		0 0 1 1 0 0 1 1 0 0 
		0 0 1 0 0 0 0 1 0 0 
		0 1 1 1 1 1 1 1 1 0 
		0 1 1 1 1 1 1 1 1 0 
		1 1 0 0 0 0 0 0 1 1 
		1 1 0 0 0 0 0 0 1 1 

	Number Of Target Conflict With Y = 0
-----------------------------------------------------
Test 4:
	Sample 2:

		Data Of Damaged Sample:
		1 0 1 0 0 0 0 0 0 0 
		1 1 0 0 1 0 1 1 0 0 
		1 0 0 0 0 1 1 0 1 0 
		0 0 1 0 1 1 1 0 0 1 
		1 1 0 1 0 1 1 0 0 0 
		1 1 0 0 0 1 1 1 0 1 
		1 1 0 0 0 0 1 1 0 0 
		1 1 0 0 0 1 1 0 0 0 
		1 1 1 1 0 1 1 0 0 0 
		1 1 1 1 1 1 0 1 0 0 

		Data Of Y:
		1 1 1 1 1 1 0 0 0 0 
		1 1 1 1 1 1 1 0 0 0 
		1 1 0 0 0 1 1 0 0 0 
		1 1 1 1 1 1 1 0 0 0 
		1 1 1 1 1 1 1 0 0 0 
		1 1 0 0 0 1 1 1 0 0 
		1 1 0 0 0 0 1 1 0 0 
		1 1 0 0 0 1 1 1 0 0 
		1 1 1 1 1 1 1 0 0 0 
		1 1 1 1 1 1 0 0 0 0 

	Number Of Target Conflict With Y = 0
-----------------------------------------------------
Test 4:
	Sample 3:

		Data Of Damaged Sample:
		0 1 1 1 1 1 1 1 1 0 
		1 1 1 0 1 0 0 1 1 1 
		0 0 0 0 0 0 0 0 1 1 
		1 1 0 0 1 1 0 0 0 0 
		1 1 0 0 1 0 1 0 1 1 
		1 1 1 0 1 0 0 1 0 0 
		1 1 0 0 0 0 0 0 0 0 
		1 1 0 0 1 0 0 1 1 1 
		1 1 0 1 1 1 0 1 1 1 
		0 1 1 1 1 1 0 1 1 1 

		Data Of Y:
		1 1 1 1 1 1 1 1 1 0 
		1 1 1 1 1 1 1 1 1 1 
		1 1 0 0 0 0 0 0 1 1 
		1 1 0 0 0 0 0 0 0 0 
		1 1 0 0 0 0 0 0 0 0 
		1 1 0 0 0 0 0 0 0 0 
		1 1 0 0 0 0 0 0 0 0 
		1 1 0 0 0 0 0 0 1 1 
		1 1 1 1 1 1 1 1 0 0 
		0 1 1 1 1 1 1 1 0 0 

	Number Of Target Conflict With Y = 4
-----------------------------------------------------
Test 4:
	Sample 4:

		Data Of Damaged Sample:
		1 1 1 0 0 1 0 0 0 0 
		1 1 1 0 0 1 1 1 0 1 
		1 1 1 0 0 0 1 0 1 0 
		1 1 0 1 0 0 0 0 1 1 
		1 0 0 0 0 1 1 0 0 1 
		1 1 1 0 0 0 0 0 1 1 
		1 0 0 0 0 0 0 0 1 0 
		1 0 1 0 0 0 1 0 1 0 
		1 1 1 1 1 1 1 1 0 0 
		0 1 1 1 1 1 1 0 0 0 

		Data Of Y:
		1 1 1 1 1 1 1 0 0 0 
		1 1 1 1 1 1 1 1 0 0 
		1 1 0 0 0 0 1 1 1 0 
		1 1 0 0 0 0 0 0 1 1 
		1 1 0 0 0 0 0 0 1 1 
		1 1 0 0 0 0 0 0 1 1 
		1 1 0 0 0 0 0 0 0 1 
		1 1 0 0 0 0 1 1 1 0 
		1 1 1 1 1 1 1 1 0 0 
		1 1 1 1 1 1 1 0 0 0 

	Number Of Target Conflict With Y = 1
-----------------------------------------------------
Test 5:
	Sample 1:

		Data Of Damaged Sample:
		0 0 0 0 1 1 0 0 0 0 
		0 0 1 0 0 1 0 0 0 0 
		0 0 0 1 1 1 0 1 0 1 
		0 0 0 1 0 0 1 1 1 0 
		1 0 1 1 0 0 1 1 0 0 
		1 0 1 0 0 0 0 0 0 0 
		0 0 1 0 1 1 0 1 1 1 
		0 1 1 1 0 1 1 1 1 0 
		1 1 0 0 0 1 0 0 0 1 
		1 0 0 0 1 0 0 0 1 0 

		Data Of Y:
		0 0 0 0 1 1 0 0 0 0 
		0 0 0 0 1 1 0 0 0 0 
		0 0 0 1 1 1 1 0 0 0 
		0 0 0 1 0 0 1 0 0 0 
		0 0 1 1 0 0 1 1 0 0 
		0 0 1 0 0 0 0 1 0 0 
		0 1 1 1 1 1 1 1 1 0 
		0 1 1 1 1 1 1 1 1 0 
		1 1 0 0 0 0 0 0 1 1 
		1 1 0 0 0 0 0 0 1 1 

	Number Of Target Conflict With Y = 0
-----------------------------------------------------
Test 5:
	Sample 2:

		Data Of Damaged Sample:
		1 1 0 1 1 1 0 1 0 1 
		0 1 0 1 0 1 1 0 0 0 
		1 1 0 0 0 1 1 0 0 0 
		1 1 1 1 1 1 1 0 0 0 
		0 1 0 1 1 1 0 1 0 0 
		0 0 0 1 0 0 1 1 0 0 
		1 1 0 1 0 0 0 1 1 0 
		1 1 0 0 0 1 1 1 0 1 
		1 1 0 1 1 1 0 0 0 0 
		1 1 1 1 1 1 0 0 0 0 

		Data Of Y:
		1 1 1 1 1 1 0 0 0 0 
		1 1 1 1 1 1 1 0 0 0 
		1 1 0 0 0 1 1 0 0 0 
		1 1 1 1 1 1 1 0 0 0 
		1 1 1 1 1 1 1 0 0 0 
		1 1 0 0 0 1 1 1 0 0 
		1 1 0 0 0 0 1 1 0 0 
		1 1 0 0 0 1 1 1 0 0 
		1 1 1 1 1 1 1 0 0 0 
		1 1 1 1 1 1 0 0 0 0 

	Number Of Target Conflict With Y = 0
-----------------------------------------------------
Test 5:
	Sample 3:

		Data Of Damaged Sample:
		0 1 1 0 1 1 1 1 1 0 
		1 1 0 1 1 0 1 0 1 1 
		1 1 0 0 0 1 1 0 1 1 
		1 1 0 0 0 0 1 0 0 0 
		1 0 0 0 0 1 0 0 0 0 
		1 1 1 0 1 0 1 0 0 1 
		1 1 0 0 1 1 0 0 1 0 
		0 1 0 0 0 0 0 0 1 0 
		1 1 0 1 1 1 0 1 1 1 
		0 1 1 1 1 1 1 1 1 0 

		Data Of Y:
		1 1 1 1 1 1 1 1 1 0 
		1 1 1 1 1 1 1 1 1 1 
		1 1 0 0 0 0 0 0 1 1 
		1 1 0 0 0 0 0 0 0 0 
		1 1 0 0 0 0 0 0 0 0 
		1 1 0 0 0 0 0 0 0 0 
		1 1 0 0 0 0 0 0 0 0 
		1 1 0 0 0 0 0 0 1 1 
		1 1 1 1 1 1 1 1 0 0 
		0 1 1 1 1 1 1 1 0 0 

	Number Of Target Conflict With Y = 4
-----------------------------------------------------
Test 5:
	Sample 4:

		Data Of Damaged Sample:
		1 1 1 1 0 1 1 0 0 0 
		1 1 1 1 0 0 0 1 0 0 
		1 1 1 0 0 0 1 1 1 0 
		1 1 1 0 0 0 0 0 0 1 
		0 1 0 0 0 0 0 0 1 0 
		1 1 0 1 1 0 1 1 1 0 
		0 1 0 1 0 0 0 0 1 1 
		1 1 0 0 1 0 1 1 0 1 
		1 1 1 1 1 1 0 1 0 0 
		1 1 1 1 1 1 1 0 0 0 

		Data Of Y:
		1 1 1 1 1 1 1 0 0 0 
		1 1 1 1 1 1 1 1 0 0 
		1 1 0 0 0 0 1 1 1 0 
		1 1 0 0 0 0 0 0 1 1 
		1 1 0 0 0 0 0 0 1 1 
		1 1 0 0 0 0 0 0 1 1 
		1 1 0 0 0 0 0 0 0 1 
		1 1 0 0 0 0 1 1 1 0 
		1 1 1 1 1 1 1 1 0 0 
		1 1 1 1 1 1 1 0 0 0 

	Number Of Target Conflict With Y = 1
-----------------------------------------------------
Test 6:
	Sample 1:

		Data Of Damaged Sample:
		0 1 0 0 0 0 1 0 0 0 
		0 0 0 1 1 1 1 0 0 0 
		1 0 0 1 1 0 1 0 0 0 
		0 0 1 1 0 0 0 0 0 0 
		0 1 1 1 0 0 1 1 0 0 
		0 0 1 0 0 1 0 1 0 0 
		1 0 1 1 1 1 0 1 1 0 
		0 1 1 0 1 0 1 0 1 0 
		1 1 0 0 0 0 0 0 1 1 
		1 1 0 1 0 1 0 0 1 1 

		Data Of Y:
		0 0 0 0 1 1 0 0 0 0 
		0 0 0 0 1 1 0 0 0 0 
		0 0 0 1 1 1 1 0 0 0 
		0 0 0 1 0 0 1 0 0 0 
		0 0 1 1 0 0 1 1 0 0 
		0 0 1 0 0 0 0 1 0 0 
		0 1 1 1 1 1 1 1 1 0 
		0 1 1 1 1 1 1 1 1 0 
		1 1 0 0 0 0 0 0 1 1 
		1 1 0 0 0 0 0 0 1 1 

	Number Of Target Conflict With Y = 0
-----------------------------------------------------
Test 6:
	Sample 2:

		Data Of Damaged Sample:
		0 0 0 0 1 0 1 0 0 0 
		1 1 1 1 1 1 0 0 0 0 
		1 0 0 0 0 1 1 0 0 0 
		1 1 0 0 1 1 1 0 0 0 
		1 0 1 1 1 1 1 1 0 0 
		1 1 0 0 0 1 1 1 0 0 
		1 1 1 1 0 0 1 1 1 0 
		0 1 0 0 0 1 1 1 0 0 
		1 0 1 1 0 1 1 0 0 0 
		0 1 1 1 1 1 1 0 0 0 

		Data Of Y:
		1 1 1 1 1 1 0 0 0 0 
		1 1 1 1 1 1 1 0 0 0 
		1 1 0 0 0 1 1 0 0 0 
		1 1 1 1 1 1 1 0 0 0 
		1 1 1 1 1 1 1 0 0 0 
		1 1 0 0 0 1 1 1 0 0 
		1 1 0 0 0 0 1 1 0 0 
		1 1 0 0 0 1 1 1 0 0 
		1 1 1 1 1 1 1 0 0 0 
		1 1 1 1 1 1 0 0 0 0 

	Number Of Target Conflict With Y = 0
-----------------------------------------------------
Test 6:
	Sample 3:

		Data Of Damaged Sample:
		0 1 1 1 1 1 1 1 1 0 
		1 1 1 1 0 1 1 0 1 1 
		1 1 0 1 0 1 0 0 1 1 
		1 1 1 1 0 0 0 0 0 1 
		1 1 1 1 0 1 0 0 0 1 
		0 0 1 0 0 1 0 0 0 0 
		1 1 0 0 0 0 0 0 0 0 
		1 1 0 0 0 0 0 0 0 1 
		0 1 1 1 1 0 1 1 1 0 
		0 1 1 1 1 1 0 1 1 0 

		Data Of Y:
		1 1 1 1 1 1 1 1 1 0 
		1 1 1 1 1 1 1 1 1 1 
		1 1 0 0 0 0 0 0 1 1 
		1 1 0 0 0 0 0 0 0 0 
		1 1 0 0 0 0 0 0 0 0 
		1 1 0 0 0 0 0 0 0 0 
		1 1 0 0 0 0 0 0 0 0 
		1 1 0 0 0 0 0 0 1 1 
		1 1 1 1 1 1 1 1 0 0 
		0 1 1 1 1 1 1 1 0 0 

	Number Of Target Conflict With Y = 4
-----------------------------------------------------
Test 6:
	Sample 4:

		Data Of Damaged Sample:
		1 1 0 1 1 1 1 1 1 0 
		1 1 1 1 0 1 1 1 0 0 
		1 1 0 1 0 0 0 1 0 0 
		1 1 0 0 1 0 0 1 1 1 
		1 1 0 0 0 0 0 1 1 1 
		1 1 0 0 0 0 1 1 1 1 
		0 1 1 0 0 0 0 0 1 1 
		1 1 0 1 1 0 1 0 0 0 
		0 1 1 1 1 1 1 1 0 0 
		1 1 1 1 1 1 1 0 1 0 

		Data Of Y:
		1 1 1 1 1 1 1 0 0 0 
		1 1 1 1 1 1 1 1 0 0 
		1 1 0 0 0 0 1 1 1 0 
		1 1 0 0 0 0 0 0 1 1 
		1 1 0 0 0 0 0 0 1 1 
		1 1 0 0 0 0 0 0 1 1 
		1 1 0 0 0 0 0 0 0 1 
		1 1 0 0 0 0 1 1 1 0 
		1 1 1 1 1 1 1 1 0 0 
		1 1 1 1 1 1 1 0 0 0 

	Number Of Target Conflict With Y = 1
-----------------------------------------------------
Test 7:
	Sample 1:

		Data Of Damaged Sample:
		0 1 0 0 1 1 1 0 1 0 
		0 0 0 0 1 0 0 0 0 0 
		1 0 0 1 1 1 0 0 0 0 
		0 0 0 1 0 0 0 1 0 0 
		0 0 1 0 0 0 1 1 0 0 
		1 0 1 0 0 0 0 1 0 0 
		0 1 1 1 1 1 1 1 0 1 
		0 1 1 0 1 0 0 1 1 0 
		0 1 0 0 0 0 0 0 0 0 
		1 1 0 1 1 0 0 0 1 1 

		Data Of Y:
		0 0 0 0 1 1 0 0 0 0 
		0 0 0 0 1 1 0 0 0 0 
		0 0 0 1 1 1 1 0 0 0 
		0 0 0 1 0 0 1 0 0 0 
		0 0 1 1 0 0 1 1 0 0 
		0 0 1 0 0 0 0 1 0 0 
		0 1 1 1 1 1 1 1 1 0 
		0 1 1 1 1 1 1 1 1 0 
		1 1 0 0 0 0 0 0 1 1 
		1 1 0 0 0 0 0 0 1 1 

	Number Of Target Conflict With Y = 0
-----------------------------------------------------
Test 7:
	Sample 2:

		Data Of Damaged Sample:
		1 0 1 0 1 1 0 0 0 0 
		1 1 1 1 1 1 0 0 0 0 
		0 1 0 0 0 1 0 0 0 1 
		1 1 1 1 1 1 1 0 0 0 
		1 1 1 1 0 0 0 0 1 0 
		1 1 0 1 0 1 1 1 1 0 
		1 0 0 1 0 0 1 1 0 0 
		0 1 0 1 1 1 1 1 0 0 
		1 1 1 1 1 1 1 0 1 0 
		0 1 1 1 1 1 0 0 0 1 

		Data Of Y:
		1 1 1 1 1 1 0 0 0 0 
		1 1 1 1 1 1 1 0 0 0 
		1 1 0 0 0 1 1 0 0 0 
		1 1 1 1 1 1 1 0 0 0 
		1 1 1 1 1 1 1 0 0 0 
		1 1 0 0 0 1 1 1 0 0 
		1 1 0 0 0 0 1 1 0 0 
		1 1 0 0 0 1 1 1 0 0 
		1 1 1 1 1 1 1 0 0 0 
		1 1 1 1 1 1 0 0 0 0 

	Number Of Target Conflict With Y = 0
-----------------------------------------------------
Test 7:
	Sample 3:

		Data Of Damaged Sample:
		0 1 1 0 1 0 1 1 1 0 
		1 1 1 1 0 1 1 0 1 1 
		1 0 0 0 0 1 0 0 1 1 
		1 1 0 0 0 0 0 0 0 0 
		1 1 0 0 0 0 0 1 0 1 
		0 1 0 0 0 0 1 0 1 0 
		1 1 0 0 0 0 0 0 1 0 
		1 1 0 1 1 0 0 0 1 0 
		1 1 1 0 1 1 1 1 1 0 
		0 1 1 0 1 0 1 1 1 1 

		Data Of Y:
		1 1 1 1 1 1 1 1 1 0 
		1 1 1 1 1 1 1 1 1 1 
		1 1 0 0 0 0 0 0 1 1 
		1 1 0 0 0 0 0 0 0 0 
		1 1 0 0 0 0 0 0 0 0 
		1 1 0 0 0 0 0 0 0 0 
		1 1 0 0 0 0 0 0 0 0 
		1 1 0 0 0 0 0 0 1 1 
		1 1 1 1 1 1 1 1 0 0 
		0 1 1 1 1 1 1 1 0 0 

	Number Of Target Conflict With Y = 4
-----------------------------------------------------
Test 7:
	Sample 4:

		Data Of Damaged Sample:
		1 0 0 0 1 1 1 0 1 0 
		0 1 1 1 1 1 1 0 1 0 
		0 1 1 0 0 0 1 1 1 0 
		1 1 1 0 1 0 0 0 1 1 
		1 1 0 0 0 0 0 0 1 1 
		1 1 0 0 1 0 0 0 1 1 
		1 1 1 1 0 0 0 0 1 1 
		0 1 0 0 0 0 1 1 0 1 
		1 1 1 1 1 1 1 1 0 0 
		1 0 1 1 1 1 0 1 0 0 

		Data Of Y:
		1 1 1 1 1 1 1 0 0 0 
		1 1 1 1 1 1 1 1 0 0 
		1 1 0 0 0 0 1 1 1 0 
		1 1 0 0 0 0 0 0 1 1 
		1 1 0 0 0 0 0 0 1 1 
		1 1 0 0 0 0 0 0 1 1 
		1 1 0 0 0 0 0 0 0 1 
		1 1 0 0 0 0 1 1 1 0 
		1 1 1 1 1 1 1 1 0 0 
		1 1 1 1 1 1 1 0 0 0 

	Number Of Target Conflict With Y = 1
-----------------------------------------------------
Test 8:
	Sample 1:

		Data Of Damaged Sample:
		0 0 0 0 0 1 0 0 1 0 
		0 0 1 0 1 1 0 1 0 1 
		0 0 0 1 1 0 1 0 0 0 
		0 0 0 1 0 1 1 1 0 0 
		0 0 1 1 0 0 1 1 0 0 
		1 0 1 0 0 1 0 1 0 1 
		0 1 1 1 1 1 1 1 1 0 
		1 1 1 1 1 1 0 1 1 0 
		1 1 1 0 1 1 0 0 1 0 
		0 1 0 0 0 0 0 0 0 0 

		Data Of Y:
		0 0 0 0 1 1 0 0 0 0 
		0 0 0 0 1 1 0 0 0 0 
		0 0 0 1 1 1 1 0 0 0 
		0 0 0 1 0 0 1 0 0 0 
		0 0 1 1 0 0 1 1 0 0 
		0 0 1 0 0 0 0 1 0 0 
		0 1 1 1 1 1 1 1 1 0 
		0 1 1 1 1 1 1 1 1 0 
		1 1 0 0 0 0 0 0 1 1 
		1 1 0 0 0 0 0 0 1 1 

	Number Of Target Conflict With Y = 0
-----------------------------------------------------
Test 8:
	Sample 2:

		Data Of Damaged Sample:
		1 1 1 1 1 1 0 0 1 0 
		0 1 1 1 1 1 0 0 0 0 
		1 1 0 0 0 1 1 1 0 0 
		1 1 0 1 0 1 1 0 0 0 
		1 1 1 1 0 1 1 0 0 0 
		1 1 1 0 0 1 1 1 0 0 
		1 1 1 0 0 0 0 0 0 0 
		0 1 1 0 0 0 1 1 0 0 
		0 1 1 1 1 0 1 0 0 0 
		0 1 0 1 0 1 1 0 0 0 

		Data Of Y:
		1 1 1 1 1 1 0 0 0 0 
		1 1 1 1 1 1 1 0 0 0 
		1 1 0 0 0 1 1 0 0 0 
		1 1 1 1 1 1 1 0 0 0 
		1 1 1 1 1 1 1 0 0 0 
		1 1 0 0 0 1 1 1 0 0 
		1 1 0 0 0 0 1 1 0 0 
		1 1 0 0 0 1 1 1 0 0 
		1 1 1 1 1 1 1 0 0 0 
		1 1 1 1 1 1 0 0 0 0 

	Number Of Target Conflict With Y = 0
-----------------------------------------------------
Test 8:
	Sample 3:

		Data Of Damaged Sample:
		1 1 1 0 1 1 0 1 0 1 
		1 0 1 1 1 1 1 1 0 1 
		1 0 0 0 0 0 0 0 1 0 
		1 1 0 0 1 0 0 0 0 0 
		0 1 0 0 0 0 0 0 0 0 
		1 1 1 1 0 0 1 1 0 1 
		1 1 0 0 0 0 0 0 0 0 
		1 1 1 0 0 0 0 0 1 1 
		1 0 1 1 1 1 1 1 1 1 
		0 0 1 1 1 0 1 1 1 0 

		Data Of Y:
		1 1 1 1 1 1 1 1 1 0 
		1 1 1 1 1 1 1 1 1 1 
		1 1 0 0 0 0 0 0 1 1 
		1 1 0 0 0 0 0 0 0 0 
		1 1 0 0 0 0 0 0 0 0 
		1 1 0 0 0 0 0 0 0 0 
		1 1 0 0 0 0 0 0 0 0 
		1 1 0 0 0 0 0 0 1 1 
		1 1 1 1 1 1 1 1 0 0 
		0 1 1 1 1 1 1 1 0 0 

	Number Of Target Conflict With Y = 4
-----------------------------------------------------
Test 8:
	Sample 4:

		Data Of Damaged Sample:
		0 0 1 1 1 1 1 0 0 0 
		1 1 1 1 1 0 1 0 1 0 
		1 1 1 0 0 0 1 1 1 0 
		1 1 0 1 1 0 1 0 1 1 
		1 1 1 0 1 0 1 0 0 1 
		1 1 0 0 0 0 1 0 1 1 
		1 0 0 0 0 0 0 1 1 1 
		1 1 0 0 0 0 1 0 1 0 
		1 1 1 1 1 1 0 0 0 1 
		1 1 1 1 1 1 1 0 0 0 

		Data Of Y:
		1 1 1 1 1 1 1 0 0 0 
		1 1 1 1 1 1 1 1 0 0 
		1 1 0 0 0 0 1 1 1 0 
		1 1 0 0 0 0 0 0 1 1 
		1 1 0 0 0 0 0 0 1 1 
		1 1 0 0 0 0 0 0 1 1 
		1 1 0 0 0 0 0 0 0 1 
		1 1 0 0 0 0 1 1 1 0 
		1 1 1 1 1 1 1 1 0 0 
		1 1 1 1 1 1 1 0 0 0 

	Number Of Target Conflict With Y = 1
-----------------------------------------------------
Test 9:
	Sample 1:

		Data Of Damaged Sample:
		1 0 0 0 1 1 1 0 0 0 
		0 0 0 0 1 1 0 1 0 0 
		0 0 1 1 1 1 1 0 0 0 
		0 0 0 1 0 0 1 0 0 0 
		0 1 0 0 0 0 1 0 0 0 
		1 1 0 0 0 0 1 1 0 0 
		0 1 1 1 1 1 1 1 1 0 
		0 1 1 1 1 1 1 0 1 1 
		1 0 0 0 0 1 0 0 0 1 
		1 1 0 1 0 1 0 1 1 1 

		Data Of Y:
		0 0 0 0 1 1 0 0 0 0 
		0 0 0 0 1 1 0 0 0 0 
		0 0 0 1 1 1 1 0 0 0 
		0 0 0 1 0 0 1 0 0 0 
		0 0 1 1 0 0 1 1 0 0 
		0 0 1 0 0 0 0 1 0 0 
		0 1 1 1 1 1 1 1 1 0 
		0 1 1 1 1 1 1 1 1 0 
		1 1 0 0 0 0 0 0 1 1 
		1 1 0 0 0 0 0 0 1 1 

	Number Of Target Conflict With Y = 0
-----------------------------------------------------
Test 9:
	Sample 2:

		Data Of Damaged Sample:
		1 1 0 0 0 0 0 0 0 0 
		1 0 1 1 1 1 1 0 0 0 
		0 1 1 0 0 1 1 0 0 1 
		1 1 0 1 1 1 0 0 0 1 
		1 1 1 0 0 1 1 0 0 0 
		1 1 0 1 0 1 1 1 0 0 
		1 1 0 0 0 1 1 1 0 0 
		0 1 0 0 0 1 1 1 0 0 
		0 1 1 1 1 1 1 0 0 0 
		1 1 1 0 0 0 0 0 0 0 

		Data Of Y:
		1 1 1 1 1 1 0 0 0 0 
		1 1 1 1 1 1 1 0 0 0 
		1 1 0 0 0 1 1 0 0 0 
		1 1 1 1 1 1 1 0 0 0 
		1 1 1 1 1 1 1 0 0 0 
		1 1 0 0 0 1 1 1 0 0 
		1 1 0 0 0 0 1 1 0 0 
		1 1 0 0 0 1 1 1 0 0 
		1 1 1 1 1 1 1 0 0 0 
		1 1 1 1 1 1 0 0 0 0 

	Number Of Target Conflict With Y = 0
-----------------------------------------------------
Test 9:
	Sample 3:

		Data Of Damaged Sample:
		0 1 1 1 0 1 1 1 0 0 
		1 1 1 1 0 1 0 1 1 1 
		1 0 0 0 0 0 0 0 1 1 
		1 0 1 0 0 0 0 0 0 0 
		0 1 0 0 0 0 0 0 0 0 
		1 0 0 0 1 1 1 0 0 0 
		1 0 0 0 0 1 0 0 1 0 
		1 0 0 0 0 1 0 0 1 1 
		1 1 1 1 1 1 1 0 0 1 
		0 1 1 1 1 1 1 1 0 0 

		Data Of Y:
		1 1 1 1 1 1 1 1 1 0 
		1 1 1 1 1 1 1 1 1 1 
		1 1 0 0 0 0 0 0 1 1 
		1 1 0 0 0 0 0 0 0 0 
		1 1 0 0 0 0 0 0 0 0 
		1 1 0 0 0 0 0 0 0 0 
		1 1 0 0 0 0 0 0 0 0 
		1 1 0 0 0 0 0 0 1 1 
		1 1 1 1 1 1 1 1 0 0 
		0 1 1 1 1 1 1 1 0 0 

	Number Of Target Conflict With Y = 4
-----------------------------------------------------
Test 9:
	Sample 4:

		Data Of Damaged Sample:
		1 1 1 0 0 1 1 0 0 1 
		1 1 0 1 1 1 1 0 0 0 
		1 1 0 0 0 0 1 1 0 0 
		0 1 0 1 1 0 0 0 1 0 
		1 1 0 1 0 0 0 0 1 1 
		0 1 0 0 0 0 0 0 0 1 
		1 1 0 0 0 1 0 1 1 1 
		1 0 0 1 0 0 1 1 1 0 
		1 1 1 1 1 1 1 1 0 1 
		0 1 1 1 1 0 1 0 0 0 

		Data Of Y:
		1 1 1 1 1 1 1 0 0 0 
		1 1 1 1 1 1 1 1 0 0 
		1 1 0 0 0 0 1 1 1 0 
		1 1 0 0 0 0 0 0 1 1 
		1 1 0 0 0 0 0 0 1 1 
		1 1 0 0 0 0 0 0 1 1 
		1 1 0 0 0 0 0 0 0 1 
		1 1 0 0 0 0 1 1 1 0 
		1 1 1 1 1 1 1 1 0 0 
		1 1 1 1 1 1 1 0 0 0 

	Number Of Target Conflict With Y = 1
-----------------------------------------------------
Test 10:
	Sample 1:

		Data Of Damaged Sample:
		1 1 0 0 1 1 0 1 0 1 
		0 0 1 0 1 1 1 0 1 0 
		0 1 0 1 1 1 1 1 0 0 
		0 0 0 1 0 0 1 0 0 0 
		0 0 1 0 0 0 1 1 0 1 
		0 0 1 0 0 0 0 1 0 1 
		1 1 0 1 1 1 1 1 0 0 
		1 0 1 1 1 1 1 0 1 0 
		1 1 1 0 0 0 0 0 0 1 
		1 1 0 0 0 0 0 0 1 1 

		Data Of Y:
		0 0 0 0 1 1 0 0 0 0 
		0 0 0 0 1 1 0 0 0 0 
		0 0 0 1 1 1 1 0 0 0 
		0 0 0 1 0 0 1 0 0 0 
		0 0 1 1 0 0 1 1 0 0 
		0 0 1 0 0 0 0 1 0 0 
		0 1 1 1 1 1 1 1 1 0 
		0 1 1 1 1 1 1 1 1 0 
		1 1 0 0 0 0 0 0 1 1 
		1 1 0 0 0 0 0 0 1 1 

	Number Of Target Conflict With Y = 0
-----------------------------------------------------
Test 10:
	Sample 2:

		Data Of Damaged Sample:
		1 1 1 1 1 0 0 0 0 0 
		1 1 1 1 1 1 1 0 0 1 
		1 1 0 1 0 1 0 0 1 1 
		1 0 0 1 1 1 1 0 0 0 
		1 1 1 1 1 0 1 0 1 0 
		1 0 0 1 0 0 0 1 1 0 
		1 1 0 0 0 0 1 1 0 0 
		0 1 0 0 0 1 1 1 0 0 
		1 1 1 1 1 1 1 0 1 0 
		1 1 1 1 0 0 0 0 0 1 

		Data Of Y:
		1 1 1 1 1 1 0 0 0 0 
		1 1 1 1 1 1 1 0 0 0 
		1 1 0 0 0 1 1 0 0 0 
		1 1 1 1 1 1 1 0 0 0 
		1 1 1 1 1 1 1 0 0 0 
		1 1 0 0 0 1 1 1 0 0 
		1 1 0 0 0 0 1 1 0 0 
		1 1 0 0 0 1 1 1 0 0 
		1 1 1 1 1 1 1 0 0 0 
		1 1 1 1 1 1 0 0 0 0 

	Number Of Target Conflict With Y = 0
-----------------------------------------------------
Test 10:
	Sample 3:

		Data Of Damaged Sample:
		1 1 1 0 1 1 0 1 1 0 
		1 1 1 1 1 0 0 1 1 0 
		1 1 0 0 0 0 0 0 1 1 
		1 1 0 0 0 1 0 0 1 0 
		1 1 0 0 0 0 0 0 0 0 
		1 1 1 0 0 0 0 0 1 0 
		1 1 1 0 1 0 1 0 0 0 
		1 1 0 1 0 0 0 0 1 1 
		0 0 1 1 1 1 1 1 1 1 
		0 0 1 1 0 1 0 1 1 1 

		Data Of Y:
		1 1 1 1 1 1 1 1 1 0 
		1 1 1 1 1 1 1 1 1 1 
		1 1 0 0 0 0 0 0 1 1 
		1 1 0 0 0 0 0 0 0 0 
		1 1 0 0 0 0 0 0 0 0 
		1 1 0 0 0 0 0 0 0 0 
		1 1 0 0 0 0 0 0 0 0 
		1 1 0 0 0 0 0 0 1 1 
		1 1 1 1 1 1 1 1 0 0 
		0 1 1 1 1 1 1 1 0 0 

	Number Of Target Conflict With Y = 4
-----------------------------------------------------
Test 10:
	Sample 4:

		Data Of Damaged Sample:
		0 1 1 0 1 0 1 0 0 0 
		1 1 1 1 0 1 1 1 0 0 
		1 0 0 0 0 1 0 1 1 0 
		1 1 0 1 0 0 0 0 1 0 
		1 1 0 0 0 0 0 0 1 0 
		1 1 0 0 0 1 1 0 1 1 
		0 1 0 1 0 0 0 1 1 1 
		0 1 0 0 0 0 1 1 1 0 
		1 1 1 0 1 1 1 1 1 0 
		1 1 1 1 1 1 1 1 0 1 

		Data Of Y:
		1 1 1 1 1 1 1 0 0 0 
		1 1 1 1 1 1 1 1 0 0 
		1 1 0 0 0 0 1 1 1 0 
		1 1 0 0 0 0 0 0 1 1 
		1 1 0 0 0 0 0 0 1 1 
		1 1 0 0 0 0 0 0 1 1 
		1 1 0 0 0 0 0 0 0 1 
		1 1 0 0 0 0 1 1 1 0 
		1 1 1 1 1 1 1 1 0 0 
		1 1 1 1 1 1 1 0 0 0 

	Number Of Target Conflict With Y = 1
-----------------------------------------------------
