Test 1:
	Sample 1:

		Data Of Damaged Sample:
		1 1 0 1 1 0 1 1 1 1 
		1 1 1 1 0 0 0 1 0 1 
		1 1 1 0 1 0 0 0 0 1 
		1 0 0 1 0 1 0 0 0 1 
		0 1 1 1 0 1 0 0 0 1 
		1 0 0 1 1 0 0 0 1 0 
		1 0 0 1 0 0 1 0 0 0 
		0 0 1 0 0 1 0 0 0 1 
		1 0 0 0 0 0 1 1 1 1 
		1 1 1 0 1 1 1 1 1 1 

		Data Of Y:
		1 1 1 1 1 1 1 1 1 0 
		1 1 1 1 1 1 1 1 1 1 
		1 1 0 0 0 0 0 1 1 1 
		1 1 0 0 0 0 0 0 1 1 
		1 1 0 0 0 0 0 0 1 1 
		1 1 0 0 0 0 0 0 1 1 
		1 1 0 0 0 0 0 0 0 1 
		1 1 0 0 0 0 0 0 1 1 
		1 1 1 1 1 1 1 1 0 0 
		0 1 1 1 1 1 1 1 0 0 

	Number Of Target Conflict With Y = 78
-----------------------------------------------------
Test 1:
	Sample 2:

		Data Of Damaged Sample:
		0 1 0 0 0 1 0 0 0 0 
		1 0 0 0 1 1 0 1 1 1 
		0 0 0 0 1 1 0 0 0 0 
		0 1 1 0 0 0 0 1 1 0 
		1 1 0 0 0 0 1 0 0 0 
		0 0 0 0 1 0 1 0 1 1 
		0 0 0 1 1 1 0 0 0 1 
		0 0 1 1 1 0 1 1 1 0 
		0 1 1 1 0 0 0 1 1 0 
		0 0 1 1 0 1 1 1 0 1 

		Data Of Y:
		0 0 0 0 0 0 1 1 1 1 
		0 0 0 0 0 0 0 1 1 1 
		0 0 1 1 1 0 0 1 1 1 
		0 0 0 0 0 0 0 1 1 1 
		0 0 0 0 0 0 0 1 1 1 
		0 0 1 1 1 0 0 0 1 1 
		0 0 1 1 1 1 0 0 1 1 
		0 0 1 1 1 0 0 0 1 1 
		0 0 0 0 0 0 0 1 1 1 
		0 0 0 0 0 0 1 1 1 1 

	Number Of Target Conflict With Y = 100
-----------------------------------------------------
Test 1:
	Sample 3:

		Data Of Damaged Sample:
		1 1 0 0 1 1 1 0 0 1 
		1 0 1 0 0 0 0 1 0 0 
		0 0 0 1 1 0 1 0 1 0 
		1 1 1 1 1 1 1 1 0 1 
		0 1 0 0 0 1 1 0 1 0 
		0 1 1 0 1 0 0 1 1 1 
		0 0 1 0 1 1 0 1 0 1 
		0 0 1 0 0 0 0 1 1 0 
		0 1 0 0 0 1 1 1 1 1 
		0 0 0 0 0 0 0 1 0 1 

		Data Of Y:
		0 0 0 0 0 0 0 0 0 1 
		0 0 0 0 0 0 0 0 0 0 
		0 0 1 1 1 1 1 1 0 0 
		0 0 1 1 1 1 1 1 1 1 
		0 0 1 1 1 1 1 1 1 1 
		0 0 1 1 1 1 1 1 1 1 
		0 0 1 1 1 1 1 1 1 1 
		0 0 1 1 1 1 1 1 0 0 
		0 0 0 0 0 0 0 0 1 1 
		1 0 0 0 0 0 0 0 1 1 

	Number Of Target Conflict With Y = 96
-----------------------------------------------------
Test 1:
	Sample 4:

		Data Of Damaged Sample:
		0 1 1 0 1 0 1 1 1 0 
		0 0 1 0 0 0 0 1 1 1 
		1 0 1 1 0 1 0 0 1 0 
		0 1 0 1 1 0 0 0 0 1 
		0 0 1 1 1 0 0 1 1 1 
		1 0 0 1 0 1 1 1 0 0 
		1 1 1 1 1 1 1 1 0 1 
		1 1 1 0 0 1 0 0 1 1 
		1 0 0 0 1 1 0 0 1 0 
		1 0 1 0 0 0 1 0 1 1 

		Data Of Y:
		0 0 0 0 0 0 0 1 1 1 
		0 0 0 0 0 0 0 0 1 1 
		0 0 1 1 1 1 0 0 0 1 
		0 0 1 1 1 1 1 1 0 0 
		0 0 1 1 1 1 1 1 0 0 
		0 0 1 1 1 1 1 1 0 0 
		0 0 1 1 1 1 1 1 1 0 
		0 0 1 1 1 1 0 0 0 1 
		0 0 0 0 0 0 0 0 1 1 
		0 0 0 0 0 0 0 1 1 1 

	Number Of Target Conflict With Y = 99
-----------------------------------------------------
Test 2:
	Sample 1:

		Data Of Damaged Sample:
		0 1 1 0 0 1 1 1 1 1 
		1 1 1 0 0 0 1 1 1 0 
		0 0 0 1 0 1 1 1 0 0 
		1 1 1 0 1 0 0 1 1 0 
		0 1 0 0 1 0 1 0 0 0 
		1 1 0 0 0 1 1 1 0 0 
		1 1 0 0 0 0 0 0 1 1 
		0 1 0 0 0 0 1 1 0 0 
		0 0 1 1 1 1 1 0 1 1 
		1 0 1 0 0 1 0 1 1 0 

		Data Of Y:
		1 1 1 1 1 1 1 1 1 0 
		1 1 1 1 1 1 1 1 1 1 
		1 1 0 0 0 0 0 0 1 1 
		1 1 0 0 0 0 0 0 0 0 
		1 1 0 0 0 0 0 0 0 0 
		1 1 0 0 0 0 0 0 0 0 
		1 1 0 0 0 0 0 0 0 0 
		1 1 0 0 0 0 0 0 1 1 
		1 1 1 1 1 1 1 1 0 0 
		0 1 1 1 1 1 1 1 0 0 

	Number Of Target Conflict With Y = 70
-----------------------------------------------------
Test 2:
	Sample 2:

		Data Of Damaged Sample:
		1 1 0 0 0 1 1 0 1 1 
		0 1 0 1 1 1 0 1 0 1 
		1 0 0 0 1 0 1 1 1 0 
		0 0 0 1 0 1 1 1 0 1 
		0 0 0 1 0 1 1 1 1 0 
		0 0 0 1 0 0 0 1 0 1 
		0 0 1 0 0 1 0 0 0 0 
		0 0 1 1 1 0 1 0 1 1 
		1 1 1 0 1 0 0 1 0 1 
		1 0 1 1 0 0 1 0 1 1 

		Data Of Y:
		0 0 0 0 0 0 0 1 1 1 
		0 0 0 0 0 0 0 0 1 1 
		0 0 1 1 1 1 0 1 0 1 
		0 0 1 1 1 1 1 1 1 1 
		0 0 1 1 1 1 1 1 1 1 
		0 0 1 1 1 1 1 1 1 1 
		0 0 1 1 1 1 1 1 1 1 
		0 0 1 1 1 1 0 0 0 1 
		0 0 0 0 0 0 0 0 1 1 
		0 0 0 0 0 0 0 1 1 1 

	Number Of Target Conflict With Y = 77
-----------------------------------------------------
Test 2:
	Sample 3:

		Data Of Damaged Sample:
		1 0 0 0 1 0 0 0 1 0 
		0 0 0 1 0 0 0 0 1 1 
		0 0 0 0 1 1 1 1 1 0 
		0 0 0 0 0 1 1 1 1 0 
		1 1 0 1 0 0 1 0 1 0 
		0 0 0 1 1 1 0 0 1 0 
		1 0 0 0 1 0 1 1 0 1 
		0 1 1 1 1 1 1 0 1 1 
		1 1 0 1 0 0 0 1 1 0 
		0 0 0 0 0 0 0 0 1 1 

		Data Of Y:
		0 0 0 0 0 0 0 0 0 1 
		0 0 0 0 0 0 0 0 0 0 
		0 0 1 1 1 1 1 0 0 0 
		0 0 1 1 1 1 1 1 0 0 
		0 0 1 1 1 1 1 1 0 0 
		0 0 1 1 1 1 1 1 0 0 
		0 0 1 1 1 1 1 1 1 0 
		0 0 1 1 1 1 1 1 0 0 
		0 0 0 0 0 0 0 0 1 1 
		1 0 0 0 0 0 0 0 1 1 

	Number Of Target Conflict With Y = 88
-----------------------------------------------------
Test 2:
	Sample 4:

		Data Of Damaged Sample:
		0 1 1 1 0 1 1 1 0 1 
		0 0 0 0 1 0 1 1 1 0 
		0 0 0 0 1 1 0 0 0 0 
		0 0 1 0 0 0 1 1 0 0 
		1 1 0 0 0 1 0 1 0 0 
		1 0 0 0 0 1 0 0 0 0 
		1 1 1 1 1 0 0 0 0 1 
		0 1 1 1 1 1 0 0 0 1 
		0 0 0 0 0 0 1 1 0 0 
		0 0 0 0 1 0 0 1 1 1 

		Data Of Y:
		0 0 0 0 0 0 0 1 1 1 
		0 0 0 0 0 0 0 0 1 1 
		0 0 1 1 1 1 0 0 0 1 
		0 0 1 1 1 1 1 1 0 0 
		0 0 1 1 1 1 1 1 0 0 
		0 0 1 1 1 1 1 1 0 0 
		0 0 1 1 1 1 1 1 1 0 
		0 0 1 1 1 1 0 0 0 1 
		0 0 0 0 0 0 0 0 1 1 
		0 0 0 0 0 0 0 1 1 1 

	Number Of Target Conflict With Y = 99
-----------------------------------------------------
Test 3:
	Sample 1:

		Data Of Damaged Sample:
		0 1 0 0 0 0 1 1 1 1 
		1 1 1 0 1 0 0 1 1 0 
		1 1 1 1 1 1 0 0 1 1 
		0 1 1 0 1 1 0 0 0 1 
		1 0 0 1 0 1 0 0 0 1 
		0 0 1 1 1 1 1 0 1 1 
		0 0 1 1 0 0 0 0 1 0 
		0 1 1 0 1 0 0 0 0 1 
		1 1 0 1 1 0 0 0 0 1 
		1 0 1 1 1 1 1 0 1 0 

		Data Of Y:
		1 1 1 1 1 1 1 1 1 0 
		1 1 1 1 1 1 1 1 1 1 
		1 1 0 0 0 0 0 1 1 1 
		1 1 0 0 0 0 0 0 1 1 
		1 1 0 0 0 0 0 0 1 1 
		1 1 0 0 0 0 0 0 1 1 
		1 1 0 0 0 0 0 0 0 1 
		1 1 0 0 0 0 0 0 1 1 
		1 1 1 1 1 1 1 1 0 0 
		0 1 1 1 1 1 1 1 0 0 

	Number Of Target Conflict With Y = 78
-----------------------------------------------------
Test 3:
	Sample 2:

		Data Of Damaged Sample:
		0 0 0 1 0 1 1 1 1 0 
		1 1 0 0 0 1 0 1 0 0 
		1 0 0 0 0 1 0 0 1 1 
		1 1 0 0 1 0 1 1 0 1 
		0 0 0 0 0 0 1 1 0 0 
		0 1 0 1 1 0 0 0 0 0 
		0 1 1 0 1 1 0 1 0 1 
		1 1 1 1 1 1 0 1 0 1 
		0 0 1 1 0 1 0 1 1 1 
		0 0 1 0 0 0 1 1 0 1 

		Data Of Y:
		0 0 0 0 0 0 0 1 1 1 
		0 0 0 0 0 0 0 0 1 1 
		0 0 1 1 1 1 0 0 0 1 
		0 0 1 1 1 1 1 1 0 0 
		0 0 1 1 1 1 1 1 0 0 
		0 0 1 1 1 1 1 1 0 0 
		0 0 1 1 1 1 1 1 1 0 
		0 0 1 1 1 1 0 0 0 1 
		0 0 0 0 0 0 0 0 1 1 
		0 0 0 0 0 0 0 1 1 1 

	Number Of Target Conflict With Y = 69
-----------------------------------------------------
Test 3:
	Sample 3:

		Data Of Damaged Sample:
		1 1 0 0 0 0 1 1 0 0 
		1 0 0 0 0 1 0 1 1 0 
		0 1 0 0 1 0 0 0 0 1 
		1 0 1 1 1 0 0 1 1 1 
		0 0 1 1 1 0 0 1 1 1 
		1 0 1 1 0 1 0 0 0 0 
		0 1 0 1 1 1 0 1 0 1 
		0 1 0 0 1 0 1 1 0 0 
		0 0 0 1 1 1 0 1 1 0 
		1 0 1 0 0 0 0 0 0 1 

		Data Of Y:
		0 0 0 0 0 0 0 0 0 1 
		0 0 0 0 0 0 0 0 0 0 
		0 0 1 1 1 1 1 0 0 0 
		0 0 1 1 1 1 1 1 0 0 
		0 0 1 1 1 1 1 1 0 0 
		0 0 1 1 1 1 1 1 0 0 
		0 0 1 1 1 1 1 1 1 0 
		0 0 1 1 1 1 1 1 0 0 
		0 0 0 0 0 0 0 0 1 1 
		1 0 0 0 0 0 0 0 1 1 

	Number Of Target Conflict With Y = 88
-----------------------------------------------------
Test 3:
	Sample 4:

		Data Of Damaged Sample:
		0 1 0 0 1 0 0 1 0 0 
		1 0 0 0 1 0 0 0 1 0 
		0 0 0 1 0 0 0 1 0 1 
		0 0 0 1 0 1 1 0 0 1 
		0 0 0 0 0 0 1 1 0 1 
		0 1 1 0 1 0 1 0 0 1 
		1 0 1 1 1 0 1 1 1 0 
		1 0 0 0 1 0 0 0 1 0 
		0 1 0 0 0 0 1 1 1 1 
		1 0 1 1 0 0 0 1 1 1 

		Data Of Y:
		0 0 0 0 0 0 0 1 1 1 
		0 0 0 0 0 0 0 0 1 1 
		0 0 1 1 1 1 0 0 0 1 
		0 0 1 1 1 1 1 1 0 0 
		0 0 1 1 1 1 1 1 0 0 
		0 0 1 1 1 1 1 1 0 0 
		0 0 1 1 1 1 1 1 1 0 
		0 0 1 1 1 1 0 0 0 1 
		0 0 0 0 0 0 0 0 1 1 
		0 0 0 0 0 0 0 1 1 1 

	Number Of Target Conflict With Y = 99
-----------------------------------------------------
Test 4:
	Sample 1:

		Data Of Damaged Sample:
		1 0 1 1 0 0 1 1 1 0 
		1 1 1 0 0 0 1 0 0 1 
		0 0 1 0 0 0 0 1 1 1 
		1 1 0 0 1 1 1 1 0 0 
		1 0 0 1 1 1 0 1 0 0 
		1 1 0 0 0 1 1 0 1 1 
		0 1 0 0 1 0 0 1 1 0 
		0 0 1 0 1 0 1 0 0 0 
		0 1 1 0 0 0 0 1 0 1 
		0 1 0 0 1 1 0 1 0 1 

		Data Of Y:
		1 1 1 1 0 0 1 1 1 1 
		1 1 1 1 0 0 1 1 1 1 
		1 1 1 0 0 0 0 1 1 1 
		1 1 1 0 1 1 0 1 1 1 
		1 1 0 0 1 1 0 0 1 1 
		1 1 0 1 1 1 1 0 1 1 
		1 0 0 0 0 0 0 0 0 1 
		1 0 0 0 0 0 0 0 0 1 
		0 0 1 1 1 1 1 1 0 0 
		0 0 1 1 1 1 1 1 0 0 

	Number Of Target Conflict With Y = 100
-----------------------------------------------------
Test 4:
	Sample 2:

		Data Of Damaged Sample:
		0 0 1 1 0 1 0 1 0 1 
		0 1 0 1 1 0 1 1 1 0 
		0 0 0 1 1 1 0 0 1 1 
		0 0 1 1 0 0 1 1 1 0 
		0 0 0 0 0 0 0 1 0 0 
		0 1 1 1 0 0 1 1 1 0 
		1 0 0 1 0 0 1 0 1 0 
		1 0 0 0 0 0 0 0 0 1 
		0 1 0 1 1 0 0 1 1 1 
		1 0 0 0 0 0 1 1 1 0 

		Data Of Y:
		0 0 0 0 0 0 0 1 1 1 
		0 0 0 0 0 0 0 0 1 1 
		0 0 1 1 1 1 0 0 0 1 
		0 0 1 1 1 1 1 1 0 0 
		0 0 1 1 1 1 1 1 0 0 
		0 0 1 1 1 1 1 1 0 0 
		0 0 1 1 1 1 1 1 1 0 
		0 0 1 1 1 1 0 0 0 1 
		0 0 0 0 0 0 0 0 1 1 
		0 0 0 0 0 0 0 1 1 1 

	Number Of Target Conflict With Y = 69
-----------------------------------------------------
Test 4:
	Sample 3:

		Data Of Damaged Sample:
		1 1 0 1 1 0 0 0 0 0 
		0 0 1 1 1 0 1 0 1 0 
		0 0 0 1 1 1 1 0 0 1 
		0 0 1 0 1 0 1 0 1 0 
		1 1 0 1 1 0 1 0 1 1 
		0 0 0 1 0 1 1 0 0 1 
		1 0 0 0 0 1 1 0 0 1 
		0 1 0 1 1 1 1 1 1 1 
		0 0 0 0 0 0 0 1 0 0 
		1 1 0 0 1 0 1 0 0 0 

		Data Of Y:
		0 0 0 0 0 0 0 0 0 1 
		0 0 0 0 0 0 0 0 0 0 
		0 0 1 1 1 1 1 1 0 0 
		0 0 1 1 1 1 1 1 1 1 
		0 0 1 1 1 1 1 1 1 1 
		0 0 1 1 1 1 1 1 1 1 
		0 0 1 1 1 1 1 1 1 1 
		0 0 1 1 1 1 1 1 0 0 
		0 0 0 0 0 0 0 0 1 1 
		1 0 0 0 0 0 0 0 1 1 

	Number Of Target Conflict With Y = 96
-----------------------------------------------------
Test 4:
	Sample 4:

		Data Of Damaged Sample:
		0 1 0 0 0 0 1 0 1 1 
		1 0 1 0 0 0 0 1 0 0 
		0 0 1 1 1 1 1 0 1 1 
		0 0 0 0 1 0 1 0 1 0 
		0 1 0 1 1 0 1 1 1 0 
		0 1 1 1 0 1 0 1 0 0 
		0 1 0 1 0 1 1 1 0 0 
		0 1 0 1 0 0 0 0 1 0 
		1 1 0 1 1 0 1 1 1 1 
		0 1 1 0 0 1 0 1 1 1 

		Data Of Y:
		0 0 0 0 0 0 0 1 1 1 
		0 0 0 0 0 0 0 0 1 1 
		0 0 1 1 1 1 0 0 0 1 
		0 0 1 1 1 1 1 1 0 0 
		0 0 1 1 1 1 1 1 0 0 
		0 0 1 1 1 1 1 1 0 0 
		0 0 1 1 1 1 1 1 1 0 
		0 0 1 1 1 1 0 0 0 1 
		0 0 0 0 0 0 0 0 1 1 
		0 0 0 0 0 0 0 1 1 1 

	Number Of Target Conflict With Y = 99
-----------------------------------------------------
Test 5:
	Sample 1:

		Data Of Damaged Sample:
		0 0 1 1 0 1 1 0 1 1 
		1 1 1 1 0 1 1 0 1 1 
		1 0 1 0 1 0 0 0 1 0 
		0 1 1 0 1 0 0 0 1 1 
		0 1 0 0 0 1 0 1 1 1 
		1 0 1 1 0 1 0 0 0 1 
		0 0 1 0 0 1 1 1 0 0 
		0 1 1 0 0 0 1 0 1 1 
		0 0 1 1 1 1 1 0 1 1 
		1 1 1 0 1 0 1 1 1 0 

		Data Of Y:
		1 1 1 1 1 1 1 1 1 0 
		1 1 1 1 1 1 1 1 1 1 
		1 1 0 0 0 0 0 1 1 1 
		1 1 0 0 0 0 0 0 1 1 
		1 1 0 0 0 0 0 0 1 1 
		1 1 0 0 0 0 0 0 1 1 
		1 1 0 0 0 0 0 0 0 1 
		1 1 0 0 0 0 0 0 1 1 
		1 1 1 1 1 1 1 1 0 0 
		0 1 1 1 1 1 1 1 0 0 

	Number Of Target Conflict With Y = 78
-----------------------------------------------------
Test 5:
	Sample 2:

		Data Of Damaged Sample:
		0 0 0 0 1 0 0 1 1 0 
		1 0 0 0 1 1 0 1 0 1 
		0 0 0 0 1 1 0 0 0 1 
		0 1 0 1 1 0 0 1 0 0 
		0 1 1 1 0 0 0 1 1 0 
		0 0 1 1 0 0 0 0 1 1 
		0 0 1 1 1 1 0 0 1 0 
		0 0 1 0 1 1 0 0 0 1 
		1 0 1 1 0 1 0 0 0 0 
		0 0 1 1 1 1 0 1 0 0 

		Data Of Y:
		0 0 0 0 0 0 0 1 1 1 
		0 0 0 0 0 0 0 0 1 1 
		0 0 1 1 1 1 0 0 0 1 
		0 0 1 1 1 1 1 1 0 0 
		0 0 1 1 1 1 1 1 0 0 
		0 0 1 1 1 1 1 1 0 0 
		0 0 1 1 1 1 1 1 1 0 
		0 0 1 1 1 1 0 0 0 1 
		0 0 0 0 0 0 0 0 1 1 
		0 0 0 0 0 0 0 1 1 1 

	Number Of Target Conflict With Y = 69
-----------------------------------------------------
Test 5:
	Sample 3:

		Data Of Damaged Sample:
		0 0 0 0 0 1 1 1 0 1 
		0 0 0 1 1 1 1 0 1 0 
		0 1 1 0 1 0 1 0 0 0 
		1 0 0 1 0 1 0 1 1 1 
		1 0 1 0 1 1 0 1 0 1 
		0 0 0 1 1 0 1 1 0 1 
		0 1 1 1 1 0 0 0 1 1 
		0 0 1 0 1 0 1 0 0 1 
		1 0 1 0 0 1 0 0 0 1 
		1 1 1 0 1 0 0 0 0 0 

		Data Of Y:
		0 0 0 0 0 0 0 0 0 1 
		0 0 0 0 0 0 0 0 0 0 
		0 0 1 1 1 1 1 1 0 0 
		0 0 1 1 1 1 1 1 1 1 
		0 0 1 1 1 1 1 1 1 1 
		0 0 1 1 1 1 1 1 1 1 
		0 0 1 1 1 1 1 1 1 1 
		0 0 1 1 1 1 1 1 0 0 
		0 0 0 0 0 0 0 0 1 1 
		1 0 0 0 0 0 0 0 1 1 

	Number Of Target Conflict With Y = 96
-----------------------------------------------------
Test 5:
	Sample 4:

		Data Of Damaged Sample:
		0 0 0 0 1 1 1 1 0 1 
		1 0 0 0 1 1 1 0 0 0 
		0 0 0 1 0 1 1 1 0 1 
		1 0 1 0 1 1 1 0 1 1 
		1 0 1 1 0 1 1 0 1 0 
		1 0 1 1 0 0 1 1 0 0 
		0 1 1 1 1 0 1 0 1 1 
		0 0 1 0 1 1 0 0 1 1 
		0 0 1 0 1 1 1 0 1 0 
		1 0 0 0 0 0 0 1 1 0 

		Data Of Y:
		0 0 0 0 0 0 0 0 0 1 
		0 0 0 0 0 0 0 0 0 0 
		0 0 1 1 1 1 1 0 0 0 
		0 0 1 1 1 1 1 1 0 0 
		0 0 1 1 1 1 1 1 0 0 
		0 0 1 1 1 1 1 1 0 0 
		0 0 1 1 1 1 1 1 1 0 
		0 0 1 1 1 1 1 1 0 0 
		0 0 0 0 0 0 0 0 1 1 
		1 0 0 0 0 0 0 0 1 1 

	Number Of Target Conflict With Y = 88
-----------------------------------------------------
Test 6:
	Sample 1:

		Data Of Damaged Sample:
		0 1 1 1 0 1 0 1 0 1 
		1 0 1 1 1 0 1 1 1 1 
		1 0 1 0 0 1 0 1 0 1 
		0 1 0 1 1 0 1 1 1 1 
		0 0 0 0 0 0 1 1 0 1 
		1 1 0 1 1 0 1 1 1 1 
		1 1 0 0 1 1 0 1 1 1 
		1 0 0 0 0 1 0 1 1 1 
		1 0 1 0 1 1 0 1 0 1 
		0 0 1 0 0 1 0 1 1 1 

		Data Of Y:
		1 1 1 1 0 0 1 1 1 1 
		1 1 1 1 0 0 1 1 1 1 
		1 1 1 0 0 0 0 1 1 1 
		1 1 1 0 1 1 0 1 1 1 
		1 1 0 0 1 1 0 0 1 1 
		1 1 0 1 1 1 1 0 1 1 
		1 0 0 0 0 0 0 0 0 1 
		1 0 0 0 0 0 0 0 0 1 
		0 0 1 1 1 1 1 1 0 0 
		0 0 1 1 1 1 1 1 0 0 

	Number Of Target Conflict With Y = 100
-----------------------------------------------------
Test 6:
	Sample 2:

		Data Of Damaged Sample:
		0 0 0 0 1 0 1 0 1 1 
		1 1 1 0 1 0 0 0 1 1 
		0 0 1 1 1 0 0 1 0 1 
		0 1 0 0 1 0 0 1 1 0 
		0 0 1 0 0 1 1 1 0 1 
		0 1 0 0 0 1 0 1 0 1 
		1 1 1 0 1 1 0 0 1 1 
		1 0 0 0 1 1 0 1 1 1 
		0 0 1 0 1 1 0 1 0 1 
		1 1 0 1 0 1 1 1 0 0 

		Data Of Y:
		0 0 0 0 0 0 1 1 1 1 
		0 0 0 0 0 0 0 1 1 1 
		0 0 1 1 1 0 0 1 1 1 
		0 0 0 0 0 0 0 1 1 1 
		0 0 0 0 0 0 0 1 1 1 
		0 0 1 1 1 0 0 0 1 1 
		0 0 1 1 1 1 0 0 1 1 
		0 0 1 1 1 0 0 0 1 1 
		0 0 0 0 0 0 0 1 1 1 
		0 0 0 0 0 0 1 1 1 1 

	Number Of Target Conflict With Y = 100
-----------------------------------------------------
Test 6:
	Sample 3:

		Data Of Damaged Sample:
		0 1 0 1 1 0 1 0 1 1 
		0 1 1 1 1 0 1 1 0 0 
		0 1 0 1 0 0 1 0 0 0 
		0 0 1 1 1 0 0 0 1 1 
		0 0 1 1 0 1 1 1 1 1 
		1 1 0 1 1 0 1 1 1 1 
		1 0 1 0 1 0 1 1 1 0 
		1 0 1 0 1 1 0 0 0 1 
		0 0 0 1 0 0 0 1 0 0 
		0 0 0 0 0 0 0 1 1 0 

		Data Of Y:
		0 0 0 0 0 0 0 0 0 1 
		0 0 0 0 0 0 0 0 0 0 
		0 0 1 1 1 1 1 1 0 0 
		0 0 1 1 1 1 1 1 1 1 
		0 0 1 1 1 1 1 1 1 1 
		0 0 1 1 1 1 1 1 1 1 
		0 0 1 1 1 1 1 1 1 1 
		0 0 1 1 1 1 1 1 0 0 
		0 0 0 0 0 0 0 0 1 1 
		1 0 0 0 0 0 0 0 1 1 

	Number Of Target Conflict With Y = 96
-----------------------------------------------------
Test 6:
	Sample 4:

		Data Of Damaged Sample:
		1 0 1 0 0 1 0 0 1 1 
		0 0 1 1 0 0 1 0 0 1 
		1 1 0 1 0 0 1 1 0 1 
		1 0 1 0 0 0 0 1 0 0 
		0 1 1 0 0 0 0 1 1 0 
		0 0 0 1 1 1 1 1 0 1 
		0 1 1 1 1 0 1 1 0 1 
		1 1 1 1 0 1 0 0 0 0 
		0 0 0 0 1 0 0 0 1 1 
		1 0 0 0 1 0 1 1 1 0 

		Data Of Y:
		0 0 0 0 0 0 0 1 1 1 
		0 0 0 0 0 0 0 0 1 1 
		0 0 1 1 1 1 0 0 0 1 
		0 0 1 1 1 1 1 1 0 0 
		0 0 1 1 1 1 1 1 0 0 
		0 0 1 1 1 1 1 1 0 0 
		0 0 1 1 1 1 1 1 1 0 
		0 0 1 1 1 1 0 0 0 1 
		0 0 0 0 0 0 0 0 1 1 
		0 0 0 0 0 0 0 1 1 1 

	Number Of Target Conflict With Y = 99
-----------------------------------------------------
Test 7:
	Sample 1:

		Data Of Damaged Sample:
		0 1 0 1 0 0 0 1 0 0 
		1 1 1 1 0 1 1 0 0 0 
		0 1 0 0 1 1 0 0 1 1 
		0 0 1 0 1 1 1 0 1 1 
		0 1 1 1 0 1 0 0 0 1 
		0 0 1 1 0 0 0 0 1 1 
		1 0 0 0 1 0 0 0 1 1 
		1 0 0 0 1 0 1 0 0 1 
		0 1 1 1 1 1 1 1 1 1 
		1 0 0 0 1 1 1 0 0 0 

		Data Of Y:
		1 1 1 1 1 1 1 1 1 0 
		1 1 1 1 1 1 1 1 1 1 
		1 1 0 0 0 0 0 1 1 1 
		1 1 0 0 0 0 0 0 1 1 
		1 1 0 0 0 0 0 0 1 1 
		1 1 0 0 0 0 0 0 1 1 
		1 1 0 0 0 0 0 0 0 1 
		1 1 0 0 0 0 0 0 1 1 
		1 1 1 1 1 1 1 1 0 0 
		0 1 1 1 1 1 1 1 0 0 

	Number Of Target Conflict With Y = 78
-----------------------------------------------------
Test 7:
	Sample 2:

		Data Of Damaged Sample:
		0 1 0 1 1 1 0 1 1 1 
		1 0 1 0 0 0 0 0 1 1 
		0 0 1 1 0 1 0 1 1 0 
		0 0 0 0 0 1 1 0 0 0 
		1 0 1 0 0 1 0 0 0 0 
		1 0 1 0 1 0 0 1 1 1 
		1 0 0 0 1 1 1 1 1 0 
		0 1 1 1 1 0 0 0 0 1 
		1 0 1 1 0 0 0 1 0 0 
		0 0 0 0 0 0 1 0 1 0 

		Data Of Y:
		0 0 0 0 0 0 0 1 1 1 
		0 0 0 0 0 0 0 0 1 1 
		0 0 1 1 1 1 0 0 0 1 
		0 0 1 1 1 1 1 1 0 0 
		0 0 1 1 1 1 1 1 0 0 
		0 0 1 1 1 1 1 1 0 0 
		0 0 1 1 1 1 1 1 1 0 
		0 0 1 1 1 1 0 0 0 1 
		0 0 0 0 0 0 0 0 1 1 
		0 0 0 0 0 0 0 1 1 1 

	Number Of Target Conflict With Y = 69
-----------------------------------------------------
Test 7:
	Sample 3:

		Data Of Damaged Sample:
		1 1 1 0 0 0 1 1 1 1 
		1 1 1 0 0 0 1 0 1 1 
		0 0 1 1 1 1 0 1 0 1 
		1 0 1 0 1 1 0 1 1 0 
		0 1 1 0 1 0 1 1 0 1 
		1 0 0 1 1 1 1 1 0 0 
		0 1 1 1 1 0 0 1 0 1 
		0 0 0 1 1 0 1 0 1 0 
		0 1 0 0 1 0 0 0 0 1 
		0 1 0 1 0 1 0 0 0 1 

		Data Of Y:
		0 0 0 0 0 0 0 1 1 1 
		0 0 0 0 0 0 0 0 1 1 
		0 0 1 1 1 1 0 1 0 1 
		0 0 1 1 1 1 1 1 1 1 
		0 0 1 1 1 1 1 1 1 1 
		0 0 1 1 1 1 1 1 1 1 
		0 0 1 1 1 1 1 1 1 1 
		0 0 1 1 1 1 0 0 0 1 
		0 0 0 0 0 0 0 0 1 1 
		0 0 0 0 0 0 0 1 1 1 

	Number Of Target Conflict With Y = 85
-----------------------------------------------------
Test 7:
	Sample 4:

		Data Of Damaged Sample:
		0 0 1 1 1 1 1 0 1 1 
		0 0 0 1 0 1 0 1 1 1 
		0 1 0 0 0 1 0 0 1 1 
		1 0 1 1 0 1 1 1 0 0 
		0 1 1 0 1 1 0 1 0 0 
		0 0 0 1 0 0 1 0 0 0 
		0 0 1 1 1 1 0 1 0 1 
		0 1 1 1 1 0 1 0 1 0 
		1 1 0 0 0 1 0 0 0 0 
		0 0 1 0 1 1 1 0 1 1 

		Data Of Y:
		0 0 0 0 0 0 0 1 1 1 
		0 0 0 0 0 0 0 0 1 1 
		0 0 1 1 1 1 0 0 0 1 
		0 0 1 1 1 1 1 1 0 0 
		0 0 1 1 1 1 1 1 0 0 
		0 0 1 1 1 1 1 1 0 0 
		0 0 1 1 1 1 1 1 1 0 
		0 0 1 1 1 1 0 0 0 1 
		0 0 0 0 0 0 0 0 1 1 
		0 0 0 0 0 0 0 1 1 1 

	Number Of Target Conflict With Y = 99
-----------------------------------------------------
Test 8:
	Sample 1:

		Data Of Damaged Sample:
		1 0 0 1 0 1 1 0 1 1 
		0 0 1 0 0 0 0 1 0 1 
		1 1 1 0 0 1 0 1 1 0 
		0 1 1 1 1 0 0 0 0 0 
		1 1 0 0 0 0 1 0 1 0 
		1 0 0 1 0 1 1 1 1 0 
		1 1 0 1 0 0 0 1 1 1 
		1 1 1 0 0 1 1 0 0 1 
		0 0 1 1 0 0 0 1 0 1 
		0 0 0 1 0 1 1 1 1 0 

		Data Of Y:
		1 1 1 1 0 0 1 1 1 1 
		1 1 1 1 0 0 1 1 1 1 
		1 1 1 0 0 0 0 1 1 1 
		1 1 1 0 1 1 0 1 1 1 
		1 1 0 0 1 1 0 0 1 1 
		1 1 0 1 1 1 1 0 1 1 
		1 0 0 0 0 0 0 0 0 1 
		1 0 0 0 0 0 0 0 0 1 
		0 0 1 1 1 1 1 1 0 0 
		0 0 1 1 1 1 1 1 0 0 

	Number Of Target Conflict With Y = 100
-----------------------------------------------------
Test 8:
	Sample 2:

		Data Of Damaged Sample:
		1 1 0 0 0 0 1 0 1 1 
		0 0 0 0 0 1 1 1 1 1 
		1 0 0 1 0 1 0 1 1 1 
		0 1 1 1 0 0 0 0 0 1 
		0 0 0 0 0 0 0 0 0 1 
		1 0 1 1 1 0 0 1 0 0 
		0 1 0 1 1 0 1 1 1 1 
		0 0 0 0 0 0 1 0 0 0 
		0 1 0 1 1 0 1 1 1 0 
		0 0 1 1 1 0 1 0 1 1 

		Data Of Y:
		0 0 0 0 0 0 1 1 1 1 
		0 0 0 0 0 0 0 1 1 1 
		0 0 1 1 1 0 0 1 1 1 
		0 0 0 0 0 0 0 1 1 1 
		0 0 0 0 0 0 0 1 1 1 
		0 0 1 1 1 0 0 0 1 1 
		0 0 1 1 1 1 0 0 1 1 
		0 0 1 1 1 0 0 0 1 1 
		0 0 0 0 0 0 0 1 1 1 
		0 0 0 0 0 0 1 1 1 1 

	Number Of Target Conflict With Y = 100
-----------------------------------------------------
Test 8:
	Sample 3:

		Data Of Damaged Sample:
		1 1 1 1 1 0 1 0 0 0 
		1 1 0 1 0 1 0 0 0 1 
		0 0 1 0 0 0 1 1 0 0 
		0 0 1 0 1 1 1 1 1 0 
		0 0 0 1 1 0 1 0 0 1 
		1 1 1 0 0 1 1 1 1 0 
		0 0 1 0 1 0 1 1 0 1 
		0 0 1 1 1 0 0 0 1 0 
		0 1 1 1 0 0 0 1 1 0 
		1 0 0 0 0 0 1 0 1 0 

		Data Of Y:
		0 0 0 0 0 0 0 0 0 1 
		0 0 0 0 0 0 0 0 0 0 
		0 0 1 1 1 1 1 1 0 0 
		0 0 1 1 1 1 1 1 1 1 
		0 0 1 1 1 1 1 1 1 1 
		0 0 1 1 1 1 1 1 1 1 
		0 0 1 1 1 1 1 1 1 1 
		0 0 1 1 1 1 1 1 0 0 
		0 0 0 0 0 0 0 0 1 1 
		1 0 0 0 0 0 0 0 1 1 

	Number Of Target Conflict With Y = 96
-----------------------------------------------------
Test 8:
	Sample 4:

		Data Of Damaged Sample:
		1 0 0 0 0 0 1 1 1 1 
		0 1 1 1 1 1 0 0 1 0 
		1 0 1 0 1 1 1 0 0 0 
		1 1 0 0 0 1 0 1 0 1 
		1 1 1 1 0 1 1 1 0 0 
		0 0 1 1 1 0 0 1 0 0 
		1 0 0 1 1 1 0 1 0 0 
		1 0 1 0 1 0 1 1 0 0 
		0 0 1 0 0 0 1 0 0 1 
		0 1 0 1 0 0 0 0 0 1 

		Data Of Y:
		0 0 0 0 0 0 0 1 1 1 
		0 0 0 0 0 0 0 0 1 1 
		0 0 1 1 1 1 0 0 0 1 
		0 0 1 1 1 1 1 1 0 0 
		0 0 1 1 1 1 1 1 0 0 
		0 0 1 1 1 1 1 1 0 0 
		0 0 1 1 1 1 1 1 1 0 
		0 0 1 1 1 1 0 0 0 1 
		0 0 0 0 0 0 0 0 1 1 
		0 0 0 0 0 0 0 1 1 1 

	Number Of Target Conflict With Y = 99
-----------------------------------------------------
Test 9:
	Sample 1:

		Data Of Damaged Sample:
		0 1 1 1 1 0 1 1 0 1 
		1 0 0 0 1 0 0 1 1 0 
		1 1 1 0 1 0 0 0 0 1 
		1 1 0 0 0 1 1 1 1 0 
		1 1 0 1 0 1 0 0 1 0 
		1 1 1 1 1 0 0 1 0 1 
		0 0 1 1 0 0 0 0 0 0 
		1 1 1 0 0 1 0 1 0 1 
		0 1 1 1 1 1 1 0 0 0 
		1 1 1 0 1 1 0 0 0 1 

		Data Of Y:
		1 1 1 1 1 1 1 1 1 0 
		1 1 1 1 1 1 1 1 1 1 
		1 1 0 0 0 0 0 1 1 1 
		1 1 0 0 0 0 0 0 1 1 
		1 1 0 0 0 0 0 0 1 1 
		1 1 0 0 0 0 0 0 1 1 
		1 1 0 0 0 0 0 0 0 1 
		1 1 0 0 0 0 0 0 1 1 
		1 1 1 1 1 1 1 1 0 0 
		0 1 1 1 1 1 1 1 0 0 

	Number Of Target Conflict With Y = 78
-----------------------------------------------------
Test 9:
	Sample 2:

		Data Of Damaged Sample:
		0 0 1 1 1 0 1 1 1 0 
		1 0 1 0 0 0 0 1 0 0 
		0 0 1 0 0 0 1 1 0 1 
		0 1 1 0 1 0 0 0 1 1 
		1 0 1 1 1 0 1 1 1 0 
		0 1 0 1 1 1 0 1 1 0 
		0 1 0 1 0 0 0 1 0 0 
		0 1 1 0 1 0 0 0 0 1 
		0 0 0 1 0 0 0 0 1 1 
		0 0 1 0 0 0 1 1 1 1 

		Data Of Y:
		0 0 0 0 0 0 0 1 1 1 
		0 0 0 0 0 0 0 0 1 1 
		0 0 1 1 1 1 0 1 0 1 
		0 0 1 1 1 1 1 1 1 1 
		0 0 1 1 1 1 1 1 1 1 
		0 0 1 1 1 1 1 1 1 1 
		0 0 1 1 1 1 1 1 1 1 
		0 0 1 1 1 1 0 0 0 1 
		0 0 0 0 0 0 0 0 1 1 
		0 0 0 0 0 0 0 1 1 1 

	Number Of Target Conflict With Y = 77
-----------------------------------------------------
Test 9:
	Sample 3:

		Data Of Damaged Sample:
		0 0 1 0 1 0 1 0 0 0 
		0 0 0 1 1 0 0 0 0 1 
		0 0 0 1 1 1 1 0 0 1 
		1 0 1 0 0 1 1 0 1 0 
		0 1 1 0 0 0 0 0 0 0 
		0 0 1 1 1 1 1 0 1 1 
		1 1 0 0 1 0 1 1 1 1 
		0 0 1 1 0 1 1 1 1 1 
		0 1 0 0 0 0 1 0 1 0 
		1 0 1 0 0 1 1 1 0 1 

		Data Of Y:
		0 0 0 0 0 0 0 0 0 1 
		0 0 0 0 0 0 0 0 0 0 
		0 0 1 1 1 1 1 0 0 0 
		0 0 1 1 1 1 1 1 0 0 
		0 0 1 1 1 1 1 1 0 0 
		0 0 1 1 1 1 1 1 0 0 
		0 0 1 1 1 1 1 1 1 0 
		0 0 1 1 1 1 1 1 0 0 
		0 0 0 0 0 0 0 0 1 1 
		1 0 0 0 0 0 0 0 1 1 

	Number Of Target Conflict With Y = 88
-----------------------------------------------------
Test 9:
	Sample 4:

		Data Of Damaged Sample:
		1 1 1 1 0 1 1 1 1 1 
		1 1 0 1 0 0 0 1 1 1 
		0 0 1 1 1 1 0 1 1 1 
		0 0 1 0 1 1 1 1 0 0 
		0 1 1 1 1 1 1 0 0 0 
		1 1 1 1 1 1 0 0 1 1 
		1 0 1 0 0 0 0 0 1 0 
		1 0 0 0 0 1 0 0 1 0 
		1 1 1 0 0 0 0 0 1 1 
		1 0 1 0 0 0 0 1 0 1 

		Data Of Y:
		0 0 0 0 0 0 0 1 1 1 
		0 0 0 0 0 0 0 0 1 1 
		0 0 1 1 1 1 0 1 0 1 
		0 0 1 1 1 1 1 1 1 1 
		0 0 1 1 1 1 1 1 1 1 
		0 0 1 1 1 1 1 1 1 1 
		0 0 1 1 1 1 1 1 1 1 
		0 0 1 1 1 1 0 0 0 1 
		0 0 0 0 0 0 0 0 1 1 
		0 0 0 0 0 0 0 1 1 1 

	Number Of Target Conflict With Y = 91
-----------------------------------------------------
Test 10:
	Sample 1:

		Data Of Damaged Sample:
		0 1 1 0 1 0 1 0 0 0 
		1 0 1 0 0 1 0 0 1 1 
		1 1 1 1 0 0 1 1 0 0 
		1 1 1 0 0 0 0 0 1 1 
		1 0 0 1 1 1 0 0 1 1 
		1 1 0 1 0 1 1 1 0 1 
		0 1 0 1 0 0 0 0 1 1 
		0 0 0 0 0 0 0 1 0 1 
		1 1 1 0 0 0 0 1 0 1 
		0 0 0 1 1 0 1 1 1 1 

		Data Of Y:
		1 1 1 1 1 1 1 1 1 0 
		1 1 1 1 1 1 1 1 1 1 
		1 1 0 0 0 0 0 1 1 1 
		1 1 0 0 0 0 0 0 1 1 
		1 1 0 0 0 0 0 0 1 1 
		1 1 0 0 0 0 0 0 1 1 
		1 1 0 0 0 0 0 0 0 1 
		1 1 0 0 0 0 0 0 1 1 
		1 1 1 1 1 1 1 1 0 0 
		0 1 1 1 1 1 1 1 0 0 

	Number Of Target Conflict With Y = 78
-----------------------------------------------------
Test 10:
	Sample 2:

		Data Of Damaged Sample:
		0 1 0 0 1 0 1 0 1 1 
		0 1 1 0 1 0 0 1 1 1 
		0 1 1 1 0 1 1 0 0 1 
		0 1 0 0 1 0 0 1 1 0 
		0 0 0 0 1 1 1 0 1 1 
		0 1 0 1 0 1 0 0 1 0 
		0 0 0 1 0 1 1 1 0 1 
		0 1 0 1 0 1 1 1 1 1 
		0 0 0 0 0 0 1 0 1 1 
		0 1 0 0 1 0 0 1 1 1 

		Data Of Y:
		0 0 0 0 0 0 0 1 1 1 
		0 0 0 0 0 0 0 0 1 1 
		0 0 1 1 1 1 0 0 0 1 
		0 0 1 1 1 1 1 1 0 0 
		0 0 1 1 1 1 1 1 0 0 
		0 0 1 1 1 1 1 1 0 0 
		0 0 1 1 1 1 1 1 1 0 
		0 0 1 1 1 1 0 0 0 1 
		0 0 0 0 0 0 0 0 1 1 
		0 0 0 0 0 0 0 1 1 1 

	Number Of Target Conflict With Y = 69
-----------------------------------------------------
Test 10:
	Sample 3:

		Data Of Damaged Sample:
		0 1 0 0 0 1 1 0 1 1 
		1 1 1 0 0 1 0 0 0 1 
		0 0 1 1 1 1 1 0 0 0 
		0 1 0 1 1 0 1 0 1 1 
		1 0 1 1 0 0 0 1 1 0 
		1 1 1 0 1 1 1 1 0 0 
		0 0 0 1 0 1 1 1 0 1 
		1 1 1 0 0 0 1 0 0 0 
		0 1 1 1 0 0 0 0 1 0 
		1 0 0 1 0 1 0 0 0 1 

		Data Of Y:
		0 0 0 0 0 0 0 0 0 1 
		0 0 0 0 0 0 0 0 0 0 
		0 0 1 1 1 1 1 0 0 0 
		0 0 1 1 1 1 1 1 0 0 
		0 0 1 1 1 1 1 1 0 0 
		0 0 1 1 1 1 1 1 0 0 
		0 0 1 1 1 1 1 1 1 0 
		0 0 1 1 1 1 1 1 0 0 
		0 0 0 0 0 0 0 0 1 1 
		1 0 0 0 0 0 0 0 1 1 

	Number Of Target Conflict With Y = 88
-----------------------------------------------------
Test 10:
	Sample 4:

		Data Of Damaged Sample:
		1 0 1 0 1 0 0 1 1 1 
		0 0 0 0 0 0 0 0 0 1 
		0 1 1 0 1 1 0 0 0 1 
		0 0 1 0 1 1 1 0 0 0 
		0 1 0 0 1 1 1 1 0 1 
		1 0 1 1 0 0 1 1 1 1 
		1 1 0 0 1 1 1 1 0 1 
		0 0 0 0 1 0 1 0 1 0 
		1 1 1 0 1 0 1 0 1 1 
		0 1 1 1 1 1 0 1 0 0 

		Data Of Y:
		0 0 0 0 0 0 0 1 1 1 
		0 0 0 0 0 0 0 0 1 1 
		0 0 1 1 1 1 0 0 0 1 
		0 0 1 1 1 1 1 1 0 0 
		0 0 1 1 1 1 1 1 0 0 
		0 0 1 1 1 1 1 1 0 0 
		0 0 1 1 1 1 1 1 1 0 
		0 0 1 1 1 1 0 0 0 1 
		0 0 0 0 0 0 0 0 1 1 
		0 0 0 0 0 0 0 1 1 1 

	Number Of Target Conflict With Y = 99
-----------------------------------------------------
