weight: 
[[-2.4  2.4 -5.6  2.4  2.4 -0.8  1.6]
 [-0.8  2.4 -5.6  2.4  4.  -0.8  0. ]
 [ 0.8 -0.8 -0.8  0.8  2.4 -4.  -1.6]
 [ 0.8 -0.8 -0.8 -0.8  2.4 -2.4 -3.2]
 [-2.4  0.8  0.8  0.8  4.  -0.8 -1.6]
 [-4.   4.   0.8 -4.   0.8  0.8  1.6]
 [-0.8 -2.4  0.8 -4.   4.   0.8  1.6]
 [-0.8  0.8 -4.   0.8  0.8 -0.8  0. ]
 [-0.8  0.8  5.6  2.4  2.4 -0.8  1.6]
 [ 0.8  0.8  0.8  0.8  0.8  0.8  0. ]
 [ 4.  -0.8 -0.8 -0.8 -0.8 -0.8 -1.6]
 [-0.8  0.8  0.8  0.8 -2.4  0.8  3.2]
 [-0.8 -2.4  0.8  4.  -0.8  4.   0. ]
 [-0.8  5.6  2.4 -0.8  2.4 -2.4 -1.6]
 [-0.8 -0.8  2.4  0.8  0.8 -2.4  0. ]
 [-0.8  2.4 -0.8  2.4  2.4  0.8  1.6]
 [ 0.8  0.8  0.8  0.8  0.8  0.8  0. ]
 [ 2.4 -0.8 -0.8 -0.8 -4.  -0.8  1.6]
 [ 0.8  0.8  0.8  0.8  0.8  0.8  0. ]
 [-0.8  0.8  0.8 -0.8 -0.8  4.   0. ]
 [-0.8  4.   0.8  5.6 -0.8 -0.8 -1.6]
 [-0.8 -0.8  2.4  0.8  0.8 -2.4  0. ]
 [-0.8  2.4 -0.8  2.4  2.4  0.8  1.6]
 [ 2.4 -0.8 -0.8 -0.8 -4.  -0.8  1.6]
 [ 0.8  0.8  0.8 -0.8  4.   0.8  0. ]
 [ 4.  -0.8 -0.8 -0.8 -0.8 -0.8 -1.6]
 [-0.8  0.8  0.8 -0.8 -0.8  4.   0. ]
 [-0.8  4.  -4.   5.6 -0.8 -0.8 -1.6]
 [-0.8 -0.8  2.4  0.8  0.8 -2.4  0. ]
 [-2.4  4.  -2.4  0.8  2.4 -0.8  1.6]
 [ 2.4  4.  -2.4 -4.   2.4 -2.4 -1.6]
 [-0.8  5.6 -0.8 -2.4  5.6 -0.8 -1.6]
 [ 2.4  4.  -2.4 -2.4  0.8 -2.4 -3.2]
 [-2.4  7.2  0.8 -0.8 -2.4  2.4 -1.6]
 [ 0.8 -2.4 -4.   5.6  0.8  0.8  0. ]
 [-0.8 -0.8  2.4  0.8  0.8 -2.4  0. ]
 [ 2.4  0.8 -2.4  0.8  0.8 -0.8  0. ]
 [ 0.8 -0.8 -0.8 -0.8 -2.4 -0.8  0. ]
 [ 2.4 -0.8 -0.8 -2.4  0.8 -0.8  0. ]
 [ 2.4 -0.8 -0.8 -0.8 -0.8 -0.8 -1.6]
 [ 2.4 -0.8 -0.8 -2.4 -2.4  2.4 -1.6]
 [-0.8  4.  -4.   5.6 -0.8 -0.8 -1.6]
 [-0.8 -0.8  2.4  0.8  0.8 -2.4  0. ]
 [ 0.8  0.8 -2.4 -0.8 -0.8  2.4  0. ]
 [ 2.4  0.8  0.8  0.8  0.8  0.8  0. ]
 [ 0.8  0.8  0.8  0.8 -0.8  0.8  1.6]
 [ 2.4  0.8  0.8  0.8 -0.8  0.8  1.6]
 [ 2.4 -0.8 -0.8 -2.4 -2.4  2.4 -1.6]
 [-0.8  4.   0.8  5.6 -0.8 -0.8 -1.6]
 [-0.8  0.8 -4.   0.8  0.8 -0.8  0. ]
 [ 0.8 -0.8  4.  -0.8 -0.8  0.8  0. ]
 [ 0.8  0.8  0.8  0.8  0.8  0.8  0. ]
 [ 0.8  0.8  0.8  0.8  0.8  0.8  0. ]
 [-0.8  0.8  0.8  0.8 -0.8  0.8  1.6]
 [ 2.4 -4.  -0.8  2.4 -4.   2.4  0. ]
 [-0.8  5.6  2.4 -0.8  2.4 -2.4 -1.6]
 [-0.8  0.8 -7.2  0.8  0.8 -2.4  0. ]
 [ 2.4  0.8 -7.2  0.8  2.4 -2.4 -1.6]
 [-0.8 -0.8 -0.8 -0.8  0.8 -0.8 -1.6]
 [-2.4  0.8  0.8  0.8  4.   0.8 -1.6]
 [-0.8 -0.8 -0.8 -0.8  2.4 -0.8 -3.2]
 [ 0.8  2.4 -0.8 -4.   0.8 -4.   0. ]
 [ 2.4 -2.4 -2.4 -4.   4.  -0.8  0. ]]

bias: 
[-5.04000000e+01 -5.04000000e+01 -5.04000000e+01 -5.04000000e+01
 -5.04000000e+01 -5.04000000e+01  5.10702591e-15]

Number of trainings: 4

D: y[4]= [-1, -1, -1, 1, -1, -1, -1]